  White Black Depth  Nodes  Score    Cpu     Rate
1. e2e4 e7e5	  4   5793      0   0.00      1
2. d2d4 e5d4	  4  22350      0   0.00      1
3. d1e2 b8c6	  4 337938    100   0.00      1
4. g1f3 f8c5	  4 264897    100   0.00      1
5. c1f4 g8f6	  4 1747573    100   0.00      1
6. b1d2 g7g5	  4      0   -100   0.00      0
7. f3g5 h8g8	  4      0      0   0.00      0
8. g5f7 d4d3	  4 964677    125   0.00      1
9. e2d3 e8f7	  4 6767896   -125   2.00      3383948
10. d3c4 d7d5	  4 338440   -125   0.00      1
11. c4c5 f6e4	  4 708021   -125   1.00      708021
12. d2e4 g8e8	  4 1041012   -200   1.00      1041012
13. f1c4 d5c4	  4 846389   -200   1.00      846389
14. c5c4 c8e6	  4 208592   -200   0.00      1
15. c4d3 e6d5	  4 2037544   -125   0.00      1
16. f2f3 c6b4	  4 3542536   -125   2.00      1771268
17. d3c3 a8c8	  4      0    125   0.00      0
18. c3b4 d8f6	  4 3068545   -525   1.00      3068545
19. f4e3 f6g6	  4 6473771   -525   2.00      3236886
20. e1g1 e8g8	  4 9867606   -525   4.00      2466902
21. f1f2 g6a6	  4 46501395   -525  16.00      2906337
22. a1d1 d5a2	  4 167021546   -525  54.00      3092992
23. e4c5 a6f6	  4 58006225   -525  20.00      2900311
24. d1d7 f7e8	  4 371543   -625   0.00      1
25. d7h7 f6c3	  4      0    625   0.00      0
26. b2c3 c8d8	  4 1734490  -1525   0.00      1
27. e3d4 a2d5	  4 2736318  -1550   1.00      2736318
28. f2e2 e8f8	  4  80919  -1825   0.00      1
29. c5e6 f8e8	  4      0   1925   0.00      0
30. b4a3 c7c5	  4 535222  -1625   0.00      1
31. e6c5 d5e4	  4  60748  -1975   0.00      1
32. d4f6 d8d1	  4 8547069  -1775   4.00      2136767
33. g1f2 d1d2	  4 3090963  -1775   1.00      3090963
34. c5e4 d2e2	  4 840221  -1775   0.00      1
35. f2e2 g8g2	  4  20186  -1875   0.00      1
36. e2d3 g2h2	  4  49512  -2175   0.00      1
37. a3e7 	  4  93538   5775   1.00      93538
Averages:  4.00 ply, 10247921 nodes,  3.47 cpu, 2954356 nodes/sec
