  White Black Depth  Nodes  Score    Cpu     Rate
1. e2e4 e7e5	  4      0      0   0.00      0
2. g1f3 b8c6	  4      0      0   0.00      0
3. f1c4 f8c5	  4      0      0   0.00      0
4. c2c3 d8e7	  4      0      0   0.00      0
5. d2d4 c5b6	  4      0      0   0.00      0
6. e1g1 d7d6	  4      0      0   0.00      0
7. a2a4 a7a5	  4      0      0   0.00      0
8. c1e3 g8f6	  4      0      0   0.00      0
9. d4e5 c6e5	  4      0      0   0.00      0
10. f3e5 d6e5	  4      0      0   0.00      0
11. e3b6 c7b6	  4  66400      0   1.00      66400
12. b1d2 e8g8	  4  82054      0   0.00      1
13. d1f3 c8e6	  4 2761584      0   1.00      2761584
14. c4e6 e7e6	  4  90996      0   0.00      1
15. f3d3 f6h5	  4      0      0   0.00      0
16. a1e1 h5f4	  4 101006      0   0.00      1
17. d3b5 e6d5	  4      0      0   0.00      0
18. e4d5 a8c8	  4 403637  -1000   0.00      1
19. b5b6 f4d5	  4 1036086  -1100   0.00      1
20. c3c4 d5b6	  4   4948      0   0.00      1
21. b2b3 c8c5	  4   9188      0   0.00      1
22. f2f4 f7f6	  4  10802      0   0.00      1
23. f4e5 c5e5	  4   9894      0   0.00      1
24. e1e5 f6e5	  4    768      0   0.00      1
25. d2e4 b6d7	  4   1966      0   0.00      1
26. e4d6 b7b6	  4   3041      0   0.00      1
27. d6e4 d7c5	  4   1559      0   0.00      1
28. e4c5 b6c5	  4    267      0   0.00      1
29. g1f2 g8f7	  4    702      0   0.00      1
30. f2g1 f7g8	  4    676      0   0.00      1
31. g2g3 g7g6	  4    385      0   0.00      1
32. g3g4 g6g5	  4    285      0   0.00      1
33. g1f2 g8f7	  4    552      0   0.00      1
34. f2g1 e5e4	  4    858      0   0.00      1
35. h2h3 f7g8	  4   1182      0   0.00      1
36. g1f2 e4e3	  4   1468   -100   0.00      1
37. f2e3 h7h6	  4    664   -100   0.00      1
38. e3e4 h6h5	  4    607   -200   0.00      1
39. g4h5 g8g7	  4    976   -200   0.00      1
40. e4f5 g5g4	  4   1298   -300   0.00      1
41. h3g4 g7g8	  4    360   -300   0.00      1
42. f5e5 g8f7	  4    255   -400   0.00      1
43. g4g5 f7g8	  4    445   -400   0.00      1
44. e5e4 g8f7	  4    699   -400   0.00      1
45. e4e5 f7g8	  4    445   -400   0.00      1
46. e5e4 g8f7	  4    699   -400   0.00      1
47. e4e5 f7g8	  4    445   -400   0.00      1
48. e5e4 g8f7	  4    699   -400   0.00      1
49. e4e5 f7g8	  4    445   -400   0.00      1
50. e5e4 g8f7	  4    699   -400   0.00      1
51. e4e5 f7g8	  4    445   -400   0.00      1
52. e5e4 g8f7	  4    699   -400   0.00      1
53. e4e5 f7g8	  4    445   -400   0.00      1
54. e5e4 g8f7	  4    699   -400   0.00      1
55. e4e5 f7g8	  4    445   -400   0.00      1
56. e5e4 g8f7	  4    699   -400   0.00      1
57. e4e5 f7g8	  4    445   -400   0.00      1
58. e5e4 g8f7	  4    699   -400   0.00      1
59. e4e5 f7g8	  4    445   -400   0.00      1
60. e5e4 g8f7	  4    699   -400   0.00      1
61. e4e5 f7g8	  4    445   -400   0.00      1
62. e5e4 g8f7	  4    699   -400   0.00      1
63. e4e5 f7g8	  4    445   -400   0.00      1
64. e5e4 g8f7	  4    699   -400   0.00      1
65. e4e5 f7g8	  4    445   -400   0.00      1
66. e5e4 g8f7	  4    699   -400   0.00      1
67. e4e5 f7g8	  4    445   -400   0.00      1
68. e5e4 g8f7	  4    699   -400   0.00      1
69. e4e5 f7g8	  4    445   -400   0.00      1
70. e5e4 g8f7	  4    699   -400   0.00      1
71. e4e5 f7g8	  4    445   -400   0.00      1
72. e5e4 g8f7	  4    699   -400   0.00      1
73. e4e5 f7g8	  4    445   -400   0.00      1
74. e5e4 g8f7	  4    699   -400   0.00      1
75. e4e5 f7g8	  4    445   -400   0.00      1
76. e5e4 g8f7	  4    699   -400   0.00      1
77. e4e5 f7g8	  4    445   -400   0.00      1
78. e5e4 g8f7	  4    699   -400   0.00      1
79. e4e5 f7g8	  4    445   -400   0.00      1
80. e5e4 g8f7	  4    699   -400   0.00      1
81. e4e5 f7g8	  4    445   -400   0.00      1
82. e5e4 g8f7	  4    699   -400   0.00      1
83. e4e5 f7g8	  4    445   -400   0.00      1
84. e5e4 g8f7	  4    699   -400   0.00      1
85. e4e5 f7g8	  4    445   -400   0.00      1
86. e5e4 g8f7	  4    699   -400   0.00      1
87. e4e5 f7g8	  4    445   -400   0.00      1
88. e5e4 g8f7	  4    699   -400   0.00      1
89. e4e5 f7g8	  4    445   -400   0.00      1
90. e5e4 g8f7	  4    699   -400   0.00      1
91. e4e5 f7g8	  4    445   -400   0.00      1
92. e5e4 g8f7	  4    699   -400   0.00      1
93. e4e5 f7g8	  4    445   -400   0.00      1
94. e5e4 g8f7	  4    699   -400   0.00      1
95. e4e5 f7g8	  4    445   -400   0.00      1
96. e5e4 g8f7	  4    699   -400   0.00      1
97. e4e5 f7g8	  4    445   -400   0.00      1
98. e5e4 g8f7	  4    699   -400   0.00      1
99. e4e5 f7g8	  4    445   -400   0.00      1
100. e5e4 g8f7	  4    699   -400   0.00      1
101. e4e5 f7g8	  4    445   -400   0.00      1
102. e5e4 g8f7	  4    699   -400   0.00      1
103. e4e5 f7g8	  4    445   -400   0.00      1
104. e5e4 g8f7	  4    699   -400   0.00      1
105. e4e5 f7g8	  4    445   -400   0.00      1
106. e5e4 g8f7	  4    699   -400   0.00      1
107. e4e5 f7g8	  4    445   -400   0.00      1
108. e5e4 g8f7	  4    699   -400   0.00      1
109. e4e5 f7g8	  4    445   -400   0.00      1
110. e5e4 g8f7	  4    699   -400   0.00      1
111. e4e5 f7g8	  4    445   -400   0.00      1
112. e5e4 g8f7	  4    699   -400   0.00      1
113. e4e5 f7g8	  4    445   -400   0.00      1
114. e5e4 g8f7	  4    699   -400   0.00      1
115. e4e5 f7g8	  4    445   -400   0.00      1
116. e5e4 g8f7	  4    699   -400   0.00      1
117. e4e5 f7g8	  4    445   -400   0.00      1
118. e5e4 g8f7	  4    699   -400   0.00      1
119. e4e5 f7g8	  4    445   -400   0.00      1
120. e5e4 g8f7	  4    699   -400   0.00      1
121. e4e5 f7g8	  4    445   -400   0.00      1
122. e5e4 g8f7	  4    699   -400   0.00      1
123. e4e5 f7g8	  4    445   -400   0.00      1
124. e5e4 g8f7	  4    699   -400   0.00      1
125. e4e5 f7g8	  4    445   -400   0.00      1
126. e5e4 g8f7	  4    699   -400   0.00      1
127. e4e5 f7g8	  4    445   -400   0.00      1
128. e5e4 g8f7	  4    699   -400   0.00      1
129. e4e5 f7g8	  4    445   -400   0.00      1
130. e5e4 g8f7	  4    699   -400   0.00      1
131. e4e5 f7g8	  4    445   -400   0.00      1
132. e5e4 g8f7	  4    699   -400   0.00      1
133. e4e5 f7g8	  4    445   -400   0.00      1
134. e5e4 g8f7	  4    699   -400   0.00      1
135. e4e5 f7g8	  4    445   -400   0.00      1
136. e5e4 g8f7	  4    699   -400   0.00      1
137. e4e5 f7g8	  4    445   -400   0.00      1
138. e5e4 g8f7	  4    699   -400   0.00      1
139. e4e5 f7g8	  4    445   -400   0.00      1
140. e5e4 g8f7	  4    699   -400   0.00      1
141. e4e5 f7g8	  4    445   -400   0.00      1
142. e5e4 g8f7	  4    699   -400   0.00      1
143. e4e5 f7g8	  4    445   -400   0.00      1
144. e5e4 g8f7	  4    699   -400   0.00      1
145. e4e5 f7g8	  4    445   -400   0.00      1
146. e5e4 g8f7	  4    699   -400   0.00      1
147. e4e5 f7g8	  4    445   -400   0.00      1
148. e5e4 g8f7	  4    699   -400   0.00      1
149. e4e5 f7g8	  4    445   -400   0.00      1
150. e5e4 g8f7	  4    699   -400   0.00      1
151. e4e5 f7g8	  4    445   -400   0.00      1
152. e5e4 g8f7	  4    699   -400   0.00      1
153. e4e5 f7g8	  4    445   -400   0.00      1
154. e5e4 g8f7	  4    699   -400   0.00      1
155. e4e5 f7g8	  4    445   -400   0.00      1
156. e5e4 g8f7	  4    699   -400   0.00      1
157. e4e5 f7g8	  4    445   -400   0.00      1
158. e5e4 g8f7	  4    699   -400   0.00      1
159. e4e5 f7g8	  4    445   -400   0.00      1
160. e5e4 g8f7	  4    699   -400   0.00      1
161. e4e5 f7g8	  4    445   -400   0.00      1
162. e5e4 g8f7	  4    699   -400   0.00      1
163. e4e5 f7g8	  4    445   -400   0.00      1
164. e5e4 g8f7	  4    699   -400   0.00      1
165. e4e5 f7g8	  4    445   -400   0.00      1
166. e5e4 g8f7	  4    699   -400   0.00      1
167. e4e5 f7g8	  4    445   -400   0.00      1
168. e5e4 g8f7	  4    699   -400   0.00      1
169. e4e5 f7g8	  4    445   -400   0.00      1
170. e5e4 g8f7	  4    699   -400   0.00      1
171. e4e5 f7g8	  4    445   -400   0.00      1
172. e5e4 g8f7	  4    699   -400   0.00      1
173. e4e5 f7g8	  4    445   -400   0.00      1
174. e5e4 g8f7	  4    699   -400   0.00      1
175. e4e5 f7g8	  4    445   -400   0.00      1
176. e5e4 g8f7	  4    699   -400   0.00      1
177. e4e5 f7g8	  4    445   -400   0.00      1
178. e5e4 g8f7	  4    699   -400   0.00      1
179. e4e5 f7g8	  4    445   -400   0.00      1
180. e5e4 g8f7	  4    699   -400   0.00      1
181. e4e5 f7g8	  4    445   -400   0.00      1
182. e5e4 g8f7	  4    699   -400   0.00      1
183. e4e5 f7g8	  4    445   -400   0.00      1
184. e5e4 g8f7	  4    699   -400   0.00      1
185. e4e5 f7g8	  4    445   -400   0.00      1
186. e5e4 g8f7	  4    699   -400   0.00      1
187. e4e5 f7g8	  4    445   -400   0.00      1
188. e5e4 g8f7	  4    699   -400   0.00      1
189. e4e5 f7g8	  4    445   -400   0.00      1
190. e5e4 g8f7	  4    699   -400   0.00      1
191. e4e5 f7g8	  4    445   -400   0.00      1
192. e5e4 g8f7	  4    699   -400   0.00      1
193. e4e5 f7g8	  4    445   -400   0.00      1
194. e5e4 g8f7	  4    699   -400   0.00      1
195. e4e5 f7g8	  4    445   -400   0.00      1
196. e5e4 g8f7	  4    699   -400   0.00      1
197. e4e5 f7g8	  4    445   -400   0.00      1
198. e5e4 g8f7	  4    699   -400   0.00      1
199. e4e5 f7g8	  4    445   -400   0.00      1
200. e5e4 g8f7	 27003    699   -400   0.00      1
201. e4e5 f7g8	  4    445   -400   0.00      1
202. e5e4 g8f7	  4    699   -400   0.00      1
203. e4e5 f7g8	  4    445   -400   0.00      1
204. e5e4 g8f7	  4    699   -400   0.00      1
205. e4e5 f7g8	  4    445   -400   0.00      1
206. e5e4 g8f7	  4    699   -400   0.00      1
207. e4e5 f7g8	  4    445   -400   0.00      1
208. e5e4 g8f7	  4    699   -400   0.00      1
209. e4e5 f7g8	  4    445   -400   0.00      1
210. e5e4 g8f7	  4    699   -400   0.00      1
211. e4e5 f7g8	  4    445   -400   0.00      1
212. e5e4 g8f7	  4    699   -400   0.00      1
213. e4e5 f7g8	  4    445   -400   0.00      1
214. e5e4 g8f7	  4    699   -400   0.00      1
215. e4e5 f7g8	  4    445   -400   0.00      1
216. e5e4 g8f7	  4    699   -400   0.00      1
217. e4e5 f7g8	  4    445   -400   0.00      1
218. e5e4 g8f7	  4    699   -400   0.00      1
219. e4e5 f7g8	  4    445   -400   0.00      1
220. e5e4 g8f7	  4    699   -400   0.00      1
221. e4e5 f7g8	  4    445   -400   0.00      1
222. e5e4 g8f7	  4    699   -400   0.00      1
223. e4e5 f7g8	  4    445   -400   0.00      1
224. e5e4 g8f7	  4    699   -400   0.00      1
225. e4e5 f7g8	  4    445   -400   0.00      1
226. e5e4 g8f7	  4    699   -400   0.00      1
227. e4e5 f7g8	  4    445   -400   0.00      1
228. e5e4 g8f7	  4    699   -400   0.00      1
229. e4e5 f7g8	  4    445   -400   0.00      1
230. e5e4 g8f7	  4    699   -400   0.00      1
231. e4e5 f7g8	  4    445   -400   0.00      1
232. e5e4 g8f7	  4    699   -400   0.00      1
233. e4e5 f7g8	  4    445   -400   0.00      1
234. e5e4 g8f7	  4    699   -400   0.00      1
235. e4e5 f7g8	  4    445   -400   0.00      1
236. e5e4 g8f7	  4    699   -400   0.00      1
237. e4e5 f7g8	  4    445   -400   0.00      1
238. e5e4 g8f7	  4    699   -400   0.00      1
239. e4e5 f7g8	  4    445   -400   0.00      1
240. e5e4 g8f7	  4    699   -400   0.00      1
241. e4e5 f7g8	  4    445   -400   0.00      1
242. e5e4 g8f7	  4    699   -400   0.00      1
243. e4e5 f7g8	  4    445   -400   0.00      1
244. e5e4 g8f7	  4    699   -400   0.00      1
245. e4e5 f7g8	  4    445   -400   0.00      1
246. e5e4 g8f7	  4    699   -400   0.00      1
247. e4e5 f7g8	  4    445   -400   0.00      1
248. e5e4 g8f7	  4    699   -400   0.00      1
249. e4e5 f7g8	  4    445   -400   0.00      1
250. e5e4 g8f7	  4    699   -400   0.00      1
251. e4e5 f7g8	  4    445   -400   0.00      1
252. e5e4 g8f7	  4    699   -400   0.00      1
253. e4e5 f7g8	  4    445   -400   0.00      1
254. e5e4 g8f7	  4    699   -400   0.00      1
255. e4e5 f7g8	  4    445   -400   0.00      1
256. e5e4 g8f7	  4    699   -400   0.00      1
257. e4e5 f7g8	  4    445   -400   0.00      1
258. e5e4 g8f7	  4    699   -400   0.00      1
259. e4e5 f7g8	  4    445   -400   0.00      1
260. e5e4 g8f7	  4    699   -400   0.00      1
261. e4e5 f7g8	  4    445   -400   0.00      1
262. e5e4 g8f7	  4    699   -400   0.00      1
263. e4e5 f7g8	  4    445   -400   0.00      1
264. e5e4 g8f7	  4    699   -400   0.00      1
265. e4e5 f7g8	  4    445   -400   0.00      1
266. e5e4 g8f7	  4    699   -400   0.00      1
267. e4e5 f7g8	  4    445   -400   0.00      1
268. e5e4 g8f7	  4    699   -400   0.00      1
269. e4e5 f7g8	  4    445   -400   0.00      1
270. e5e4 g8f7	  4    699   -400   0.00      1
271. e4e5 f7g8	  4    445   -400   0.00      1
272. e5e4 g8f7	  4    699   -400   0.00      1
273. e4e5 f7g8	  4    445   -400   0.00      1
274. e5e4 g8f7	  4    699   -400   0.00      1
275. e4e5 f7g8	  4    445   -400   0.00      1
276. e5e4 g8f7	  4    699   -400   0.00      1
277. e4e5 f7g8	  4    445   -400   0.00      1
278. e5e4 g8f7	  4    699   -400   0.00      1
279. e4e5 f7g8	  4    445   -400   0.00      1
280. e5e4 g8f7	  4    699   -400   0.00      1
281. e4e5 f7g8	  4    445   -400   0.00      1
282. e5e4 g8f7	  4    699   -400   0.00      1
283. e4e5 f7g8	  4    445   -400   0.00      1
284. e5e4 g8f7	  4    699   -400   0.00      1
285. e4e5 f7g8	  4    445   -400   0.00      1
286. e5e4 g8f7	  4    699   -400   0.00      1
287. e4e5 f7g8	  4    445   -400   0.00      1
288. e5e4 g8f7	  4    699   -400   0.00      1
289. e4e5 f7g8	  4    445   -400   0.00      1
290. e5e4 g8f7	  4    699   -400   0.00      1
291. e4e5 f7g8	  4    445   -400   0.00      1
292. e5e4 g8f7	  4    699   -400   0.00      1
293. e4e5 f7g8	  4    445   -400   0.00      1
294. e5e4 g8f7	  4    699   -400   0.00      1
295. e4e5 f7g8	  4    445   -400   0.00      1
296. e5e4 g8f7	  4    699   -400   0.00      1
297. e4e5 f7g8	  4    445   -400   0.00      1
298. e5e4 g8f7	  4    699   -400   0.00      1
299. e4e5 f7g8	  4    445   -400   0.00      1
300. e5e4 g8f7	  4    699   -400   0.00      1
301. e4e5 f7g8	  4    445   -400   0.00      1
302. e5e4 g8f7	  4    699   -400   0.00      1
303. e4e5 f7g8	  4    445   -400   0.00      1
304. e5e4 g8f7	  4    699   -400   0.00      1
305. e4e5 f7g8	  4    445   -400   0.00      1
306. e5e4 g8f7	  4    699   -400   0.00      1
307. e4e5 f7g8	  4    445   -400   0.00      1
308. e5e4 g8f7	  4    699   -400   0.00      1
309. e4e5 f7g8	  4    445   -400   0.00      1
310. e5e4 g8f7	  4    699   -400   0.00      1
311. e4e5 f7g8	  4    445   -400   0.00      1
312. e5e4 g8f7	  4    699   -400   0.00      1
313. e4e5 f7g8	  4    445   -400   0.00      1
314. e5e4 g8f7	  4    699   -400   0.00      1
315. e4e5 f7g8	  4    445   -400   0.00      1
316. e5e4 g8f7	  4    699   -400   0.00      1
317. e4e5 f7g8	  4    445   -400   0.00      1
318. e5e4 g8f7	  4    699   -400   0.00      1
319. e4e5 f7g8	  4    445   -400   0.00      1
320. e5e4 g8f7	  4    699   -400   0.00      1
321. e4e5 f7g8	  4    445   -400   0.00      1
322. e5e4 g8f7	  4    699   -400   0.00      1
323. e4e5 f7g8	  4    445   -400   0.00      1
324. e5e4 g8f7	  4    699   -400   0.00      1
325. e4e5 f7g8	  4    445   -400   0.00      1
326. e5e4 g8f7	  4    699   -400   0.00      1
327. e4e5 f7g8	  4    445   -400   0.00      1
328. e5e4 g8f7	  4    699   -400   0.00      1
329. e4e5 f7g8	  4    445   -400   0.00      1
330. e5e4 g8f7	  4    699   -400   0.00      1
331. e4e5 f7g8	  4    445   -400   0.00      1
332. e5e4 g8f7	  4    699   -400   0.00      1
333. e4e5 f7g8	  4    445   -400   0.00      1
334. e5e4 g8f7	  4    699   -400   0.00      1
335. e4e5 f7g8	  4    445   -400   0.00      1
336. e5e4 g8f7	  4    699   -400   0.00      1
337. e4e5 f7g8	  4    445   -400   0.00      1
338. e5e4 g8f7	  4    699   -400   0.00      1
339. e4e5 f7g8	  4    445   -400   0.00      1
340. e5e4 g8f7	  4    699   -400   0.00      1
341. e4e5 f7g8	  4    445   -400   0.00      1
342. e5e4 g8f7	  4    699   -400   0.00      1
343. e4e5 f7g8	  4    445   -400   0.00      1
344. e5e4 g8f7	  4    699   -400   0.00      1
345. e4e5 f7g8	  4    445   -400   0.00      1
346. e5e4 g8f7	  4    699   -400   0.00      1
347. e4e5 f7g8	  4    445   -400   0.00      1
348. e5e4 g8f7	  4    699   -400   0.00      1
349. e4e5 f7g8	  4    445   -400   0.00      1
350. e5e4 g8f7	  4    699   -400   0.00      1
351. e4e5 f7g8	  4    445   -400   0.00      1
352. e5e4 g8f7	  4    699   -400   0.00      1
353. e4e5 f7g8	  4    445   -400   0.00      1
354. e5e4 g8f7	  4    699   -400   0.00      1
355. e4e5 f7g8	  4    445   -400   0.00      1
356. e5e4 g8f7	  4    699   -400   0.00      1
357. e4e5 f7g8	  4    445   -400   0.00      1
358. e5e4 g8f7	  4    699   -400   0.00      1
359. e4e5 f7g8	  4    445   -400   0.00      1
360. e5e4 g8f7	  4    699   -400   0.00      1
361. e4e5 f7g8	  4    445   -400   0.00      1
362. e5e4 g8f7	  4    699   -400   0.00      1
363. e4e5 f7g8	  4    445   -400   0.00      1
364. e5e4 g8f7	  4    699   -400   0.00      1
365. e4e5 f7g8	  4    445   -400   0.00      1
366. e5e4 g8f7	  4    699   -400   0.00      1
367. e4e5 f7g8	  4    445   -400   0.00      1
368. e5e4 g8f7	  4    699   -400   0.00      1
369. e4e5 f7g8	  4    445   -400   0.00      1
370. e5e4 g8f7	  4    699   -400   0.00      1
371. e4e5 f7g8	  4    445   -400   0.00      1
372. e5e4 g8f7	  4    699   -400   0.00      1
373. e4e5 f7g8	  4    445   -400   0.00      1
374. e5e4 g8f7	  4    699   -400   0.00      1
375. e4e5 f7g8	  4    445   -400   0.00      1
376. e5e4 g8f7	  4    699   -400   0.00      1
377. e4e5 f7g8	  4    445   -400   0.00      1
378. e5e4 g8f7	  4    699   -400   0.00      1
379. e4e5 f7g8	  4    445   -400   0.00      1
380. e5e4 g8f7	  4    699   -400   0.00      1
381. e4e5 f7g8	  4    445   -400   0.00      1
382. e5e4 g8f7	  4    699   -400   0.00      1
383. e4e5 f7g8	  4    445   -400   0.00      1
384. e5e4 g8f7	  4    699   -400   0.00      1
385. e4e5 f7g8	  4    445   -400   0.00      1
386. e5e4 g8f7	  4    699   -400   0.00      1
387. e4e5 f7g8	  4    445   -400   0.00      1
388. e5e4 g8f7	  4    699   -400   0.00      1
389. e4e5 f7g8	  4    445   -400   0.00      1
390. e5e4 g8f7	  4    699   -400   0.00      1
391. e4e5 f7g8	  4    445   -400   0.00      1
392. e5e4 g8f7	  4    699   -400   0.00      1
393. e4e5 f7g8	  4    445   -400   0.00      1
394. e5e4 g8f7	  4    699   -400   0.00      1
395. e4e5 f7g8	  4    445   -400   0.00      1
396. e5e4 g8f7	  4    699   -400   0.00      1
397. e4e5 f7g8	  4    445   -400   0.00      1
398. e5e4 g8f7	  4    699   -400   0.00      1
399. e4e5 f7g8	  4    445   -400   0.00      1
400. e5e4 g8f7	  4    699   -400   0.00      1
401. e4e5 f7g8	  4    445   -400   0.00      1
402. e5e4 g8f7	  4    699   -400   0.00      1
403. e4e5 f7g8	  4    445   -400   0.00      1
404. e5e4 g8f7	  4    699   -400   0.00      1
405. e4e5 f7g8	  4    445   -400   0.00      1
406. e5e4 g8f7	  4    699   -400   0.00      1
407. e4e5 f7g8	  4    445   -400   0.00      1
408. e5e4 g8f7	  4    699   -400   0.00      1
409. e4e5 f7g8	  4    445   -400   0.00      1
410. e5e4 g8f7	  4    699   -400   0.00      1
411. e4e5 f7g8	  4    445   -400   0.00      1
412. e5e4 g8f7	  4    699   -400   0.00      1
413. e4e5 f7g8	  4    445   -400   0.00      1
414. e5e4 g8f7	  4    699   -400   0.00      1
415. e4e5 f7g8	  4    445   -400   0.00      1
416. e5e4 g8f7	  4    699   -400   0.00      1
417. e4e5 f7g8	  4    445   -400   0.00      1
418. e5e4 g8f7	  4    699   -400   0.00      1
419. e4e5 f7g8	  4    445   -400   0.00      1
420. e5e4 g8f7	  4    699   -400   0.00      1
421. e4e5 f7g8	  4    445   -400   0.00      1
422. e5e4 g8f7	  4    699   -400   0.00      1
423. e4e5 f7g8	  4    445   -400   0.00      1
424. e5e4 g8f7	  4    699   -400   0.00      1
425. e4e5 f7g8	  4    445   -400   0.00      1
426. e5e4 g8f7	  4    699   -400   0.00      1
427. e4e5 f7g8	  4    445   -400   0.00      1
428. e5e4 g8f7	  4    699   -400   0.00      1
429. e4e5 f7g8	  4    445   -400   0.00      1
430. e5e4 g8f7	  4    699   -400   0.00      1
431. e4e5 f7g8	  4    445   -400   0.00      1
432. e5e4 g8f7	  4    699   -400   0.00      1
433. e4e5 f7g8	  4    445   -400   0.00      1
434. e5e4 g8f7	  4    699   -400   0.00      1
435. e4e5 f7g8	  4    445   -400   0.00      1
436. e5e4 g8f7	  4    699   -400   0.00      1
437. e4e5 f7g8	  4    445   -400   0.00      1
438. e5e4 g8f7	  4    699   -400   0.00      1
439. e4e5 f7g8	  4    445   -400   0.00      1
440. e5e4 g8f7	  4    699   -400   0.00      1
441. e4e5 f7g8	  4    445   -400   0.00      1
442. e5e4 g8f7	  4    699   -400   0.00      1
443. e4e5 f7g8	  4    445   -400   0.00      1
444. e5e4 g8f7	  4    699   -400   0.00      1
445. e4e5 f7g8	  4    445   -400   0.00      1
446. e5e4 g8f7	  4    699   -400   0.00      1
447. e4e5 f7g8	  4    445   -400   0.00      1
448. e5e4 g8f7	  4    699   -400   0.00      1
449. e4e5 f7g8	  4    445   -400   0.00      1
450. e5e4 g8f7	  4    699   -400   0.00      1
451. e4e5 f7g8	  4    445   -400   0.00      1
452. e5e4 g8f7	  4    699   -400   0.00      1
453. e4e5 f7g8	  4    445   -400   0.00      1
454. e5e4 g8f7	  4    699   -400   0.00      1
455. e4e5 f7g8	  4    445   -400   0.00      1
456. e5e4 g8f7	  4    699   -400   0.00      1
457. e4e5 f7g8	  4    445   -400   0.00      1
458. e5e4 g8f7	  4    699   -400   0.00      1
459. e4e5 f7g8	  4    445   -400   0.00      1
460. e5e4 g8f7	  4    699   -400   0.00      1
461. e4e5 f7g8	  4    445   -400   0.00      1
462. e5e4 g8f7	  4    699   -400   0.00      1
463. e4e5 f7g8	  4    445   -400   0.00      1
464. e5e4 g8f7	  4    699   -400   0.00      1
465. e4e5 f7g8	  4    445   -400   0.00      1
466. e5e4 g8f7	  4    699   -400   0.00      1
467. e4e5 f7g8	  4    445   -400   0.00      1
468. e5e4 g8f7	  4    699   -400   0.00      1
469. e4e5 f7g8	  4    445   -400   0.00      1
470. e5e4 g8f7	  4    699   -400   0.00      1
471. e4e5 f7g8	  4    445   -400   0.00      1
472. e5e4 g8f7	  4    699   -400   0.00      1
473. e4e5 f7g8	  4    445   -400   0.00      1
474. e5e4 g8f7	  4    699   -400   0.00      1
475. e4e5 f7g8	  4    445   -400   0.00      1
476. e5e4 g8f7	  4    699   -400   0.00      1
477. e4e5 f7g8	  4    445   -400   0.00      1
478. e5e4 g8f7	  4    699   -400   0.00      1
479. e4e5 f7g8	  4    445   -400   0.00      1
480. e5e4 g8f7	  4    699   -400   0.00      1
481. e4e5 f7g8	  4    445   -400   0.00      1
482. e5e4 g8f7	  4    699   -400   0.00      1
483. e4e5 f7g8	  4    445   -400   0.00      1
484. e5e4 g8f7	  4    699   -400   0.00      1
485. e4e5 f7g8	  4    445   -400   0.00      1
486. e5e4 g8f7	  4    699   -400   0.00      1
487. e4e5 f7g8	  4    445   -400   0.00      1
488. e5e4 g8f7	  4    699   -400   0.00      1
489. e4e5 f7g8	  4    445   -400   0.00      1
490. e5e4 g8f7	  4    699   -400   0.00      1
491. e4e5 f7g8	  4    445   -400   0.00      1
492. e5e4 g8f7	  4    699   -400   0.00      1
493. e4e5 f7g8	  4    445   -400   0.00      1
494. e5e4 g8f7	  4    699   -400   0.00      1
495. e4e5 f7g8	  4    445   -400   0.00      1
496. e5e4 g8f7	  4    699   -400   0.00      1
497. e4e5 f7g8	  4    445   -400   0.00      1
498. e5e4 g8f7	  4    699   -400   0.00      1
499. e4e5 f7g8	  4    445   -400   0.00      1
500. e5e4 g8f7	  4    699   -400   0.00      1
501. e4e5 f7g8	  4    445   -400   0.00      1
502. e5e4 g8f7	  4    699   -400   0.00      1
503. e4e5 f7g8	  4    445   -400   0.00      1
504. e5e4 g8f7	  4    699   -400   0.00      1
505. e4e5 f7g8	  4    445   -400   0.00      1
506. e5e4 g8f7	  4    699   -400   0.00      1
507. e4e5 f7g8	  4    445   -400   0.00      1
508. e5e4 g8f7	  4    699   -400   0.00      1
509. e4e5 f7g8	  4    445   -400   0.00      1
510. e5e4 g8f7	  4    699   -400   0.00      1
511. e4e5 f7g8	  4    445   -400   0.00      1
512. e5e4 g8f7	  4    699   -400   0.00      1
513. e4e5 f7g8	  4    445   -400   0.00      1
514. e5e4 g8f7	  4    699   -400   0.00      1
515. e4e5 f7g8	  4    445   -400   0.00      1
516. e5e4 g8f7	  4    699   -400   0.00      1
517. e4e5 f7g8	  4    445   -400   0.00      1
518. e5e4 g8f7	  4    699   -400   0.00      1
519. e4e5 f7g8	  4    445   -400   0.00      1
520. e5e4 g8f7	  4    699   -400   0.00      1
521. e4e5 f7g8	  4    445   -400   0.00      1
522. e5e4 g8f7	  4    699   -400   0.00      1
523. e4e5 f7g8	  4    445   -400   0.00      1
524. e5e4 g8f7	  4    699   -400   0.00      1
525. e4e5 f7g8	  4    445   -400   0.00      1
526. e5e4 g8f7	  4    699   -400   0.00      1
527. e4e5 f7g8	  4    445   -400   0.00      1
528. e5e4 g8f7	  4    699   -400   0.00      1
529. e4e5 f7g8	  4    445   -400   0.00      1
530. e5e4 g8f7	  4    699   -400   0.00      1
531. e4e5 f7g8	  4    445   -400   0.00      1
532. e5e4 g8f7	  4    699   -400   0.00      1
533. e4e5 f7g8	  4    445   -400   0.00      1
534. e5e4 g8f7	  4    699   -400   0.00      1
535. e4e5 f7g8	  4    445   -400   0.00      1
536. e5e4 g8f7	  4    699   -400   0.00      1
537. e4e5 f7g8	  4    445   -400   0.00      1
538. e5e4 g8f7	  4    699   -400   0.00      1
539. e4e5 f7g8	  4    445   -400   0.00      1
540. e5e4 g8f7	  4    699   -400   0.00      1
541. e4e5 f7g8	  4    445   -400   0.00      1
542. e5e4 g8f7	  4    699   -400   0.00      1
543. e4e5 f7g8	  4    445   -400   0.00      1
544. e5e4 g8f7	  4    699   -400   0.00      1
545. e4e5 f7g8	  4    445   -400   0.00      1
546. e5e4 g8f7	  4    699   -400   0.00      1
547. e4e5 f7g8	  4    445   -400   0.00      1
548. e5e4 g8f7	  4    699   -400   0.00      1
549. e4e5 f7g8	  4    445   -400   0.00      1
550. e5e4 g8f7	  4    699   -400   0.00      1
551. e4e5 f7g8	  4    445   -400   0.00      1
552. e5e4 g8f7	  4    699   -400   0.00      1
553. e4e5 f7g8	  4    445   -400   0.00      1
554. e5e4 g8f7	  4    699   -400   0.00      1
555. e4e5 f7g8	  4    445   -400   0.00      1
556. e5e4 g8f7	  4    699   -400   0.00      1
557. e4e5 f7g8	  4    445   -400   0.00      1
558. e5e4 g8f7	  4    699   -400   0.00      1
559. e4e5 f7g8	  4    445   -400   0.00      1
560. e5e4 g8f7	  4    699   -400   0.00      1
561. e4e5 f7g8	  4    445   -400   0.00      1
562. e5e4 g8f7	  4    699   -400   0.00      1
563. e4e5 f7g8	  4    445   -400   0.00      1
564. e5e4 g8f7	  4    699   -400   0.00      1
565. e4e5 f7g8	  4    445   -400   0.00      1
566. e5e4 g8f7	  4    699   -400   0.00      1
567. e4e5 f7g8	  4    445   -400   0.00      1
568. e5e4 g8f7	  4    699   -400   0.00      1
569. e4e5 f7g8	  4    445   -400   0.00      1
570. e5e4 g8f7	  4    699   -400   0.00      1
571. e4e5 f7g8	  4    445   -400   0.00      1
572. e5e4 g8f7	  4    699   -400   0.00      1
573. e4e5 f7g8	  4    445   -400   0.00      1
574. e5e4 g8f7	  4    699   -400   0.00      1
575. e4e5 f7g8	  4    445   -400   0.00      1
576. e5e4 g8f7	  4    699   -400   0.00      1
577. e4e5 f7g8	  4    445   -400   0.00      1
578. e5e4 g8f7	  4    699   -400   0.00      1
579. e4e5 f7g8	  4    445   -400   0.00      1
580. e5e4 g8f7	  4    699   -400   0.00      1
581. e4e5 f7g8	  4    445   -400   0.00      1
582. e5e4 g8f7	  4    699   -400   0.00      1
583. e4e5 f7g8	  4    445   -400   0.00      1
584. e5e4 g8f7	  4    699   -400   0.00      1
585. e4e5 f7g8	  4    445   -400   0.00      1
586. e5e4 g8f7	  4    699   -400   0.00      1
587. e4e5 f7g8	  4    445   -400   0.00      1
588. e5e4 g8f7	  4    699   -400   0.00      1
589. e4e5 f7g8	  4    445   -400   0.00      1
590. e5e4 g8f7	  4    699   -400   0.00      1
591. e4e5 f7g8	  4    445   -400   0.00      1
592. e5e4 g8f7	  4    699   -400   0.00      1
593. e4e5 f7g8	  4    445   -400   0.00      1
594. e5e4 g8f7	  4    699   -400   0.00      1
595. e4e5 f7g8	  4    445   -400   0.00      1
596. e5e4 g8f7	  4    699   -400   0.00      1
597. e4e5 f7g8	  4    445   -400   0.00      1
598. e5e4 g8f7	  4    699   -400   0.00      1
599. e4e5 f7g8	  4    445   -400   0.00      1
600. e5e4 g8f7	  4    699   -400   0.00      1
601. e4e5 f7g8	  4    445   -400   0.00      1
602. e5e4 g8f7	  4    699   -400   0.00      1
603. e4e5 f7g8	  4    445   -400   0.00      1
604. e5e4 g8f7	  4    699   -400   0.00      1
605. e4e5 f7g8	  4    445   -400   0.00      1
606. e5e4 g8f7	  4    699   -400   0.00      1
607. e4e5 f7g8	  4    445   -400   0.00      1
608. e5e4 g8f7	  4    699   -400   0.00      1
609. e4e5 f7g8	  4    445   -400   0.00      1
610. e5e4 g8f7	  4    699   -400   0.00      1
611. e4e5 f7g8	  4    445   -400   0.00      1
612. e5e4 g8f7	  4    699   -400   0.00      1
613. e4e5 f7g8	  4    445   -400   0.00      1
614. e5e4 g8f7	  4    699   -400   0.00      1
615. e4e5 f7g8	  4    445   -400   0.00      1
616. e5e4 g8f7	  4    699   -400   0.00      1
617. e4e5 f7g8	  4    445   -400   0.00      1
618. e5e4 g8f7	  4    699   -400   0.00      1
619. e4e5 f7g8	  4    445   -400   0.00      1
620. e5e4 g8f7	  4    699   -400   0.00      1
621. e4e5 f7g8	  4    445   -400   0.00      1
622. e5e4 g8f7	  4    699   -400   0.00      1
623. e4e5 f7g8	  4    445   -400   0.00      1
624. e5e4 g8f7	  4    699   -400   0.00      1
625. e4e5 f7g8	  4    445   -400   0.00      1
626. e5e4 g8f7	  4    699   -400   0.00      1
627. e4e5 f7g8	  4    445   -400   0.00      1
628. e5e4 g8f7	  4    699   -400   0.00      1
629. e4e5 f7g8	  4    445   -400   0.00      1
630. e5e4 g8f7	  4    699   -400   0.00      1
631. e4e5 f7g8	  4    445   -400   0.00      1
632. e5e4 g8f7	  4    699   -400   0.00      1
633. e4e5 f7g8	  4    445   -400   0.00      1
634. e5e4 g8f7	  4    699   -400   0.00      1
635. e4e5 f7g8	  4    445   -400   0.00      1
636. e5e4 g8f7	  4    699   -400   0.00      1
637. e4e5 f7g8	  4    445   -400   0.00      1
638. e5e4 g8f7	  4    699   -400   0.00      1
639. e4e5 f7g8	  4    445   -400   0.00      1
640. e5e4 g8f7	  4    699   -400   0.00      1
641. e4e5 f7g8	  4    445   -400   0.00      1
642. e5e4 g8f7	  4    699   -400   0.00      1
643. e4e5 f7g8	  4    445   -400   0.00      1
644. e5e4 g8f7	  4    699   -400   0.00      1
645. e4e5 f7g8	  4    445   -400   0.00      1
646. e5e4 g8f7	  4    699   -400   0.00      1
647. e4e5 f7g8	  4    445   -400   0.00      1
648. e5e4 g8f7	  4    699   -400   0.00      1
649. e4e5 f7g8	  4    445   -400   0.00      1
650. e5e4 g8f7	  4    699   -400   0.00      1
651. e4e5 f7g8	  4    445   -400   0.00      1
652. e5e4 g8f7	  4    699   -400   0.00      1
653. e4e5 f7g8	  4    445   -400   0.00      1
654. e5e4 g8f7	  4    699   -400   0.00      1
655. e4e5 f7g8	  4    445   -400   0.00      1
656. e5e4 g8f7	  4    699   -400   0.00      1
657. e4e5 f7g8	  4    445   -400   0.00      1
658. e5e4 g8f7	  4    699   -400   0.00      1
659. e4e5 f7g8	  4    445   -400   0.00      1
660. e5e4 g8f7	  4    699   -400   0.00      1
661. e4e5 f7g8	  4    445   -400   0.00      1
662. e5e4 g8f7	  4    699   -400   0.00      1
663. e4e5 f7g8	  4    445   -400   0.00      1
664. e5e4 g8f7	  4    699   -400   0.00      1
665. e4e5 f7g8	  4    445   -400   0.00      1
666. e5e4 g8f7	  4    699   -400   0.00      1
667. e4e5 f7g8	  4    445   -400   0.00      1
668. e5e4 g8f7	  4    699   -400   0.00      1
669. e4e5 f7g8	  4    445   -400   0.00      1
670. e5e4 g8f7	  4    699   -400   0.00      1
671. e4e5 f7g8	  4    445   -400   0.00      1
672. e5e4 g8f7	  4    699   -400   0.00      1
673. e4e5 f7g8	  4    445   -400   0.00      1
674. e5e4 g8f7	  4    699   -400   0.00      1
675. e4e5 f7g8	  4    445   -400   0.00      1
676. e5e4 g8f7	  4    699   -400   0.00      1
677. e4e5 f7g8	  4    445   -400   0.00      1
678. e5e4 g8f7	  4    699   -400   0.00      1
679. e4e5 f7g8	  4    445   -400   0.00      1
680. e5e4 g8f7	  4    699   -400   0.00      1
681. e4e5 f7g8	  4    445   -400   0.00      1
682. e5e4 g8f7	  4    699   -400   0.00      1
683. e4e5 f7g8	  4    445   -400   0.00      1
684. e5e4 g8f7	  4    699   -400   0.00      1
685. e4e5 f7g8	  4    445   -400   0.00      1
686. e5e4 g8f7	  4    699   -400   0.00      1
687. e4e5 f7g8	  4    445   -400   0.00      1
688. e5e4 g8f7	  4    699   -400   0.00      1
689. e4e5 f7g8	  4    445   -400   0.00      1
690. e5e4 g8f7	  4    699   -400   0.00      1
691. e4e5 f7g8	  4    445   -400   0.00      1
692. e5e4 g8f7	  4    699   -400   0.00      1
693. e4e5 f7g8	  4    445   -400   0.00      1
694. e5e4 g8f7	  4    699   -400   0.00      1
695. e4e5 f7g8	  4    445   -400   0.00      1
696. e5e4 g8f7	  4    699   -400   0.00      1
697. e4e5 f7g8	  4    445   -400   0.00      1
698. e5e4 g8f7	  4    699   -400   0.00      1
699. e4e5 f7g8	  4    445   -400   0.00      1
700. e5e4 g8f7	  4    699   -400   0.00      1
701. e4e5 f7g8	  4    445   -400   0.00      1
702. e5e4 g8f7	  4    699   -400   0.00      1
703. e4e5 f7g8	  4    445   -400   0.00      1
704. e5e4 g8f7	  4    699   -400   0.00      1
705. e4e5 f7g8	  4    445   -400   0.00      1
706. e5e4 g8f7	  4    699   -400   0.00      1
707. e4e5 f7g8	  4    445   -400   0.00      1
708. e5e4 g8f7	  4    699   -400   0.00      1
709. e4e5 f7g8	  4    445   -400   0.00      1
710. e5e4 g8f7	  4    699   -400   0.00      1
711. e4e5 f7g8	  4    445   -400   0.00      1
712. e5e4 g8f7	  4    699   -400   0.00      1
713. e4e5 f7g8	  4    445   -400   0.00      1
714. e5e4 g8f7	  4    699   -400   0.00      1
715. e4e5 f7g8	  4    445   -400   0.00      1
716. e5e4 g8f7	  4    699   -400   0.00      1
717. e4e5 f7g8	  4    445   -400   0.00      1
718. e5e4 g8f7	  4    699   -400   0.00      1
719. e4e5 f7g8	  4    445   -400   0.00      1
720. e5e4 g8f7	  4    699   -400   0.00      1
721. e4e5 f7g8	  4    445   -400   0.00      1
722. e5e4 g8f7	  4    699   -400   0.00      1
723. e4e5 f7g8	  4    445   -400   0.00      1
724. e5e4 g8f7	  4    699   -400   0.00      1
725. e4e5 f7g8	  4    445   -400   0.00      1
726. e5e4 g8f7	  4    699   -400   0.00      1
727. e4e5 f7g8	  4    445   -400   0.00      1
728. e5e4 g8f7	  4    699   -400   0.00      1
729. e4e5 f7g8	  4    445   -400   0.00      1
730. e5e4 g8f7	  4    699   -400   0.00      1
731. e4e5 f7g8	  4    445   -400   0.00      1
732. e5e4 g8f7	  4    699   -400   0.00      1
733. e4e5 f7g8	  4    445   -400   0.00      1
734. e5e4 g8f7	  4    699   -400   0.00      1
735. e4e5 f7g8	  4    445   -400   0.00      1
736. e5e4 g8f7	  4    699   -400   0.00      1
737. e4e5 f7g8	  4    445   -400   0.00      1
738. e5e4 g8f7	  4    699   -400   0.00      1
739. e4e5 f7g8	  4    445   -400   0.00      1
740. e5e4 g8f7	  4    699   -400   0.00      1
741. e4e5 f7g8	  4    445   -400   0.00      1
742. e5e4 g8f7	  4    699   -400   0.00      1
743. e4e5 f7g8	  4    445   -400   0.00      1
744. e5e4 g8f7	  4    699   -400   0.00      1
745. e4e5 f7g8	  4    445   -400   0.00      1
746. e5e4 g8f7	  4    699   -400   0.00      1
747. e4e5 f7g8	  4    445   -400   0.00      1
748. e5e4 g8f7	  4    699   -400   0.00      1
749. e4e5 f7g8	  4    445   -400   0.00      1
750. e5e4 g8f7	  4    699   -400   0.00      1
751. e4e5 f7g8	  4    445   -400   0.00      1
752. e5e4 g8f7	  4    699   -400   0.00      1
753. e4e5 f7g8	  4    445   -400   0.00      1
754. e5e4 g8f7	  4    699   -400   0.00      1
755. e4e5 f7g8	  4    445   -400   0.00      1
756. e5e4 g8f7	  4    699   -400   0.00      1
757. e4e5 f7g8	  4    445   -400   0.00      1
758. e5e4 g8f7	  4    699   -400   0.00      1
759. e4e5 f7g8	  4    445   -400   0.00      1
760. e5e4 g8f7	  4    699   -400   0.00      1
761. e4e5 f7g8	  4    445   -400   0.00      1
762. e5e4 g8f7	  4    699   -400   0.00      1
763. e4e5 f7g8	  4    445   -400   0.00      1
764. e5e4 g8f7	  4    699   -400   0.00      1
765. e4e5 f7g8	  4    445   -400   0.00      1
766. e5e4 g8f7	  4    699   -400   0.00      1
767. e4e5 f7g8	  4    445   -400   0.00      1
768. e5e4 g8f7	  4    699   -400   0.00      1
769. e4e5 f7g8	  4    445   -400   0.00      1
770. e5e4 g8f7	  4    699   -400   0.00      1
771. e4e5 f7g8	  4    445   -400   0.00      1
772. e5e4 g8f7	  4    699   -400   0.00      1
773. e4e5 f7g8	  4    445   -400   0.00      1
774. e5e4 g8f7	  4    699   -400   0.00      1
775. e4e5 f7g8	  4    445   -400   0.00      1
776. e5e4 g8f7	  4    699   -400   0.00      1
777. e4e5 f7g8	  4    445   -400   0.00      1
778. e5e4 g8f7	  4    699   -400   0.00      1
779. e4e5 f7g8	  4    445   -400   0.00      1
780. e5e4 g8f7	  4    699   -400   0.00      1
781. e4e5 f7g8	  4    445   -400   0.00      1
782. e5e4 g8f7	  4    699   -400   0.00      1
783. e4e5 f7g8	  4    445   -400   0.00      1
784. e5e4 g8f7	  4    699   -400   0.00      1
785. e4e5 f7g8	  4    445   -400   0.00      1
786. e5e4 g8f7	  4    699   -400   0.00      1
787. e4e5 f7g8	  4    445   -400   0.00      1
788. e5e4 g8f7	  4    699   -400   0.00      1
789. e4e5 f7g8	  4    445   -400   0.00      1
790. e5e4 g8f7	  4    699   -400   0.00      1
791. e4e5 f7g8	  4    445   -400   0.00      1
792. e5e4 g8f7	  4    699   -400   0.00      1
793. e4e5 f7g8	  4    445   -400   0.00      1
794. e5e4 g8f7	  4    699   -400   0.00      1
795. e4e5 f7g8	  4    445   -400   0.00      1
796. e5e4 g8f7	  4    699   -400   0.00      1
797. e4e5 f7g8	  4    445   -400   0.00      1
798. e5e4 g8f7	  4    699   -400   0.00      1
799. e4e5 f7g8	  4    445   -400   0.00      1
800. e5e4 g8f7	  4    699   -400   0.00      1
801. e4e5 f7g8	  4    445   -400   0.00      1
802. e5e4 g8f7	  4    699   -400   0.00      1
803. e4e5 f7g8	  4    445   -400   0.00      1
804. e5e4 g8f7	  4    699   -400   0.00      1
805. e4e5 f7g8	  4    445   -400   0.00      1
806. e5e4 g8f7	  4    699   -400   0.00      1
807. e4e5 f7g8	  4    445   -400   0.00      1
808. e5e4 g8f7	  4    699   -400   0.00      1
809. e4e5 f7g8	  4    445   -400   0.00      1
810. e5e4 g8f7	  4    699   -400   0.00      1
811. e4e5 f7g8	  4    445   -400   0.00      1
812. e5e4 g8f7	  4    699   -400   0.00      1
813. e4e5 f7g8	  4    445   -400   0.00      1
814. e5e4 g8f7	  4    699   -400   0.00      1
815. e4e5 f7g8	  4    445   -400   0.00      1
816. e5e4 g8f7	  4    699   -400   0.00      1
817. e4e5 f7g8	  4    445   -400   0.00      1
818. e5e4 g8f7	  4    699   -400   0.00      1
819. e4e5 f7g8	  4    445   -400   0.00      1
820. e5e4 g8f7	  4    699   -400   0.00      1
821. e4e5 f7g8	  4    445   -400   0.00      1
822. e5e4 g8f7	  4    699   -400   0.00      1
823. e4e5 f7g8	  4    445   -400   0.00      1
824. e5e4 g8f7	  4    699   -400   0.00      1
825. e4e5 f7g8	  4    445   -400   0.00      1
826. e5e4 g8f7	  4    699   -400   0.00      1
827. e4e5 f7g8	  4    445   -400   0.00      1
828. e5e4 g8f7	  4    699   -400   0.00      1
829. e4e5 f7g8	  4    445   -400   0.00      1
830. e5e4 g8f7	  4    699   -400   0.00      1
831. e4e5 f7g8	  4    445   -400   0.00      1
832. e5e4 g8f7	  4    699   -400   0.00      1
833. e4e5 f7g8	  4    445   -400   0.00      1
834. e5e4 g8f7	  4    699   -400   0.00      1
835. e4e5 f7g8	  4    445   -400   0.00      1
836. e5e4 g8f7	  4    699   -400   0.00      1
837. e4e5 f7g8	  4    445   -400   0.00      1
838. e5e4 g8f7	  4    699   -400   0.00      1
839. e4e5 f7g8	  4    445   -400   0.00      1
840. e5e4 g8f7	  4    699   -400   0.00      1
841. e4e5 f7g8	  4    445   -400   0.00      1
842. e5e4 g8f7	  4    699   -400   0.00      1
843. e4e5 f7g8	  4    445   -400   0.00      1
844. e5e4 g8f7	  4    699   -400   0.00      1
845. e4e5 f7g8	  4    445   -400   0.00      1
846. e5e4 g8f7	  4    699   -400   0.00      1
847. e4e5 f7g8	  4    445   -400   0.00      1
848. e5e4 g8f7	  4    699   -400   0.00      1
849. e4e5 f7g8	  4    445   -400   0.00      1
850. e5e4 g8f7	  4    699   -400   0.00      1
851. e4e5 f7g8	  4    445   -400   0.00      1
852. e5e4 g8f7	  4    699   -400   0.00      1
853. e4e5 f7g8	  4    445   -400   0.00      1
854. e5e4 g8f7	  4    699   -400   0.00      1
855. e4e5 f7g8	  4    445   -400   0.00      1
856. e5e4 g8f7	  4    699   -400   0.00      1
857. e4e5 f7g8	  4    445   -400   0.00      1
858. e5e4 g8f7	  4    699   -400   0.00      1
859. e4e5 f7g8	  4    445   -400   0.00      1
860. e5e4 g8f7	  4    699   -400   0.00      1
861. e4e5 f7g8	  4    445   -400   0.00      1
862. e5e4 g8f7	  4    699   -400   0.00      1
863. e4e5 f7g8	  4    445   -400   0.00      1
864. e5e4 g8f7	  4    699   -400   0.00      1
865. e4e5 f7g8	  4    445   -400   0.00      1
866. e5e4 g8f7	  4    699   -400   0.00      1
867. e4e5 f7g8	  4    445   -400   0.00      1
868. e5e4 g8f7	  4    699   -400   0.00      1
869. e4e5 f7g8	  4    445   -400   0.00      1
870. e5e4 g8f7	  4    699   -400   0.00      1
871. e4e5 f7g8	  4    445   -400   0.00      1
872. e5e4 g8f7	  4    699   -400   0.00      1
873. e4e5 f7g8	  4    445   -400   0.00      1
874. e5e4 g8f7	  4    699   -400   0.00      1
875. e4e5 f7g8	  4    445   -400   0.00      1
876. e5e4 g8f7	  4    699   -400   0.00      1
877. e4e5 f7g8	  4    445   -400   0.00      1
878. e5e4 g8f7	  4    699   -400   0.00      1
879. e4e5 f7g8	  4    445   -400   0.00      1
880. e5e4 g8f7	  4    699   -400   0.00      1
881. e4e5 f7g8	  4    445   -400   0.00      1
882. e5e4 g8f7	  4    699   -400   0.00      1
883. e4e5 f7g8	  4    445   -400   0.00      1
884. e5e4 g8f7	  4    699   -400   0.00      1
885. e4e5 f7g8	  4    445   -400   0.00      1
886. e5e4 g8f7	  4    699   -400   0.00      1
887. e4e5 f7g8	  4    445   -400   0.00      1
888. e5e4 g8f7	  4    699   -400   0.00      1
889. e4e5 f7g8	  4    445   -400   0.00      1
890. e5e4 g8f7	  4    699   -400   0.00      1
891. e4e5 f7g8	  4    445   -400   0.00      1
892. e5e4 g8f7	  4    699   -400   0.00      1
893. e4e5 f7g8	  4    445   -400   0.00      1
894. e5e4 g8f7	  4    699   -400   0.00      1
895. e4e5 f7g8	  4    445   -400   0.00      1
896. e5e4 g8f7	  4    699   -400   0.00      1
897. e4e5 f7g8	  4    445   -400   0.00      1
898. e5e4 g8f7	  4    699   -400   0.00      1
899. e4e5 f7g8	  4    445   -400   0.00      1
900. e5e4 g8f7	  4    699   -400   0.00      1
901. e4e5 f7g8	  4    445   -400   0.00      1
902. e5e4 g8f7	  4    699   -400   0.00      1
903. e4e5 f7g8	  4    445   -400   0.00      1
904. e5e4 g8f7	  4    699   -400   0.00      1
905. e4e5 f7g8	  4    445   -400   0.00      1
906. e5e4 g8f7	  4    699   -400   0.00      1
907. e4e5 f7g8	  4    445   -400   0.00      1
908. e5e4 g8f7	  4    699   -400   0.00      1
909. e4e5 f7g8	  4    445   -400   0.00      1
910. e5e4 g8f7	  4    699   -400   0.00      1
911. e4e5 f7g8	  4    445   -400   0.00      1
912. e5e4 g8f7	  4    699   -400   0.00      1
913. e4e5 f7g8	  4    445   -400   0.00      1
914. e5e4 g8f7	  4    699   -400   0.00      1
915. e4e5 f7g8	  4    445   -400   0.00      1
916. e5e4 g8f7	  4    699   -400   0.00      1
917. e4e5 f7g8	  4    445   -400   0.00      1
918. e5e4 g8f7	  4    699   -400   0.00      1
919. e4e5 f7g8	  4    445   -400   0.00      1
920. e5e4 g8f7	  4    699   -400   0.00      1
921. e4e5 f7g8	  4    445   -400   0.00      1
922. e5e4 g8f7	  4    699   -400   0.00      1
923. e4e5 f7g8	  4    445   -400   0.00      1
924. e5e4 g8f7	  4    699   -400   0.00      1
925. e4e5 f7g8	  4    445   -400   0.00      1
926. e5e4 g8f7	  4    699   -400   0.00      1
927. e4e5 f7g8	  4    445   -400   0.00      1
928. e5e4 g8f7	  4    699   -400   0.00      1
929. e4e5 f7g8	  4    445   -400   0.00      1
930. e5e4 g8f7	  4    699   -400   0.00      1
931. e4e5 f7g8	  4    445   -400   0.00      1
932. e5e4 g8f7	  4    699   -400   0.00      1
933. e4e5 f7g8	  4    445   -400   0.00      1
934. e5e4 g8f7	  4    699   -400   0.00      1
935. e4e5 f7g8	  4    445   -400   0.00      1
936. e5e4 g8f7	  4    699   -400   0.00      1
937. e4e5 f7g8	  4    445   -400   0.00      1
938. e5e4 g8f7	  4    699   -400   0.00      1
939. e4e5 f7g8	  4    445   -400   0.00      1
940. e5e4 g8f7	  4    699   -400   0.00      1
941. e4e5 f7g8	  4    445   -400   0.00      1
942. e5e4 g8f7	  4    699   -400   0.00      1
943. e4e5 f7g8	  4    445   -400   0.00      1
944. e5e4 g8f7	  4    699   -400   0.00      1
945. e4e5 f7g8	  4    445   -400   0.00      1
946. e5e4 g8f7	  4    699   -400   0.00      1
947. e4e5 f7g8	  4    445   -400   0.00      1
948. e5e4 g8f7	  4    699   -400   0.00      1
949. e4e5 f7g8	  4    445   -400   0.00      1
950. e5e4 g8f7	  4    699   -400   0.00      1
951. e4e5 f7g8	  4    445   -400   0.00      1
952. e5e4 g8f7	  4    699   -400   0.00      1
953. e4e5 f7g8	  4    445   -400   0.00      1
954. e5e4 g8f7	  4    699   -400   0.00      1
955. e4e5 f7g8	  4    445   -400   0.00      1
956. e5e4 g8f7	  4    699   -400   0.00      1
957. e4e5 f7g8	  4    445   -400   0.00      1
958. e5e4 g8f7	  4    699   -400   0.00      1
959. e4e5 f7g8	  4    445   -400   0.00      1
960. e5e4 g8f7	  4    699   -400   0.00      1
961. e4e5 f7g8	  4    445   -400   0.00      1
962. e5e4 g8f7	  4    699   -400   0.00      1
963. e4e5 f7g8	  4    445   -400   0.00      1
964. e5e4 g8f7	  4    699   -400   0.00      1
965. e4e5 f7g8	  4    445   -400   0.00      1
966. e5e4 g8f7	  4    699   -400   0.00      1
967. e4e5 f7g8	  4    445   -400   0.00      1
968. e5e4 g8f7	  4    699   -400   0.00      1
969. e4e5 f7g8	  4    445   -400   0.00      1
970. e5e4 g8f7	  4    699   -400   0.00      1
971. e4e5 f7g8	  4    445   -400   0.00      1
972. e5e4 g8f7	  4    699   -400   0.00      1
973. e4e5 f7g8	  4    445   -400   0.00      1
974. e5e4 g8f7	  4    699   -400   0.00      1
975. e4e5 f7g8	  4    445   -400   0.00      1
976. e5e4 g8f7	  4    699   -400   0.00      1
977. e4e5 f7g8	  4    445   -400   0.00      1
978. e5e4 g8f7	  4    699   -400   0.00      1
979. e4e5 f7g8	  4    445   -400   0.00      1
980. e5e4 g8f7	  4    699   -400   0.00      1
981. e4e5 f7g8	  4    445   -400   0.00      1
982. e5e4 g8f7	  4    699   -400   0.00      1
983. e4e5 f7g8	  4    445   -400   0.00      1
984. e5e4 g8f7	  4    699   -400   0.00      1
985. e4e5 f7g8	  4    445   -400   0.00      1
986. e5e4 g8f7	  4    699   -400   0.00      1
987. e4e5 f7g8	  4    445   -400   0.00      1
988. e5e4 g8f7	  4    699   -400   0.00      1
989. e4e5 f7g8	  4    445   -400   0.00      1
990. e5e4 g8f7	  4    699   -400   0.00      1
991. e4e5 f7g8	  4    445   -400   0.00      1
992. e5e4 g8f7	  4    699   -400   0.00      1
993. e4e5 f7g8	  4    445   -400   0.00      1
994. e5e4 g8f7	  4    699   -400   0.00      1
995. e4e5 f7g8	  4    445   -400   0.00      1
996. e5e4 g8f7	  4    699   -400   0.00      1
997. e4e5 f7g8	  4    445   -400   0.00      1
998. e5e4 g8f7	  4    699   -400   0.00      1
999. e4e5 f7g8	  4    445   -400   0.00      1
1000. e5e4 g8f7	  4    699   -400   0.00      1
1001. e4e5 f7g8	  4    445   -400   0.00      1
1002. e5e4 g8f7	  4    699   -400   0.00      1
1003. e4e5 f7g8	  4    445   -400   0.00      1
1004. e5e4 g8f7	  4    699   -400   0.00      1
1005. e4e5 f7g8	  4    445   -400   0.00      1
1006. e5e4 g8f7	  4    699   -400   0.00      1
1007. e4e5 f7g8	  4    445   -400   0.00      1
1008. e5e4 g8f7	  4    699   -400   0.00      1
1009. e4e5 f7g8	  4    445   -400   0.00      1
1010. e5e4 g8f7	  4    699   -400   0.00      1
1011. e4e5 f7g8	  4    445   -400   0.00      1
1012. e5e4 g8f7	  4    699   -400   0.00      1
1013. e4e5 f7g8	  4    445   -400   0.00      1
1014. e5e4 g8f7	  4    699   -400   0.00      1
1015. e4e5 f7g8	  4    445   -400   0.00      1
1016. e5e4 g8f7	  4    699   -400   0.00      1
1017. e4e5 f7g8	  4    445   -400   0.00      1
1018. e5e4 g8f7	  4    699   -400   0.00      1
1019. e4e5 f7g8	  4    445   -400   0.00      1
1020. e5e4 g8f7	  4    699   -400   0.00      1
1021. e4e5 f7g8	  4    445   -400   0.00      1
1022. e5e4 g8f7	  4    699   -400   0.00      1
1023. e4e5 f7g8	  4    445   -400   0.00      1
1024. e5e4 g8f7	  4    699   -400   0.00      1
1025. e4e5 f7g8	  4    445   -400   0.00      1
1026. e5e4 g8f7	  4    699   -400   0.00      1
1027. e4e5 f7g8	  4    445   -400   0.00      1
1028. e5e4 g8f7	  4    699   -400   0.00      1
1029. e4e5 f7g8	  4    445   -400   0.00      1
1030. e5e4 g8f7	  4    699   -400   0.00      1
1031. e4e5 f7g8	  4    445   -400   0.00      1
1032. e5e4 g8f7	  4    699   -400   0.00      1
1033. e4e5 f7g8	  4    445   -400   0.00      1
1034. e5e4 g8f7	  4    699   -400   0.00      1
1035. e4e5 f7g8	  4    445   -400   0.00      1
1036. e5e4 g8f7	  4    699   -400   0.00      1
1037. e4e5 f7g8	  4    445   -400   0.00      1
1038. e5e4 g8f7	  4    699   -400   0.00      1
1039. e4e5 f7g8	  4    445   -400   0.00      1
1040. e5e4 g8f7	  4    699   -400   0.00      1
1041. e4e5 f7g8	  4    445   -400   0.00      1
1042. e5e4 g8f7	  4    699   -400   0.00      1
1043. e4e5 f7g8	  4    445   -400   0.00      1
1044. e5e4 g8f7	  4    699   -400   0.00      1
1045. e4e5 f7g8	  4    445   -400   0.00      1
1046. e5e4 g8f7	  4    699   -400   0.00      1
1047. e4e5 f7g8	  4    445   -400   0.00      1
1048. e5e4 g8f7	  4    699   -400   0.00      1
1049. e4e5 f7g8	  4    445   -400   0.00      1
1050. e5e4 g8f7	  4    699   -400   0.00      1
1051. e4e5 f7g8	  4    445   -400   0.00      1
1052. e5e4 g8f7	  4    699   -400   0.00      1
1053. e4e5 f7g8	  4    445   -400   0.00      1
1054. e5e4 g8f7	  4    699   -400   0.00      1
1055. e4e5 f7g8	  4    445   -400   0.00      1
1056. e5e4 g8f7	  4    699   -400   0.00      1
1057. e4e5 f7g8	  4    445   -400   0.00      1
1058. e5e4 g8f7	  4    699   -400   0.00      1
1059. e4e5 f7g8	  4    445   -400   0.00      1
1060. e5e4 g8f7	  4    699   -400   0.00      1
1061. e4e5 f7g8	  4    445   -400   0.00      1
1062. e5e4 g8f7	  4    699   -400   0.00      1
1063. e4e5 f7g8	  4    445   -400   0.00      1
1064. e5e4 g8f7	  4    699   -400   0.00      1
1065. e4e5 f7g8	  4    445   -400   0.00      1
1066. e5e4 g8f7	  4    699   -400   0.00      1
1067. e4e5 f7g8	  4    445   -400   0.00      1
1068. e5e4 g8f7	  4    699   -400   0.00      1
1069. e4e5 f7g8	  4    445   -400   0.00      1
1070. e5e4 g8f7	  4    699   -400   0.00      1
1071. e4e5 f7g8	  4    445   -400   0.00      1
1072. e5e4 g8f7	  4    699   -400   0.00      1
1073. e4e5 f7g8	  4    445   -400   0.00      1
1074. e5e4 g8f7	  4    699   -400   0.00      1
1075. e4e5 f7g8	  4    445   -400   0.00      1
1076. e5e4 g8f7	  4    699   -400   0.00      1
1077. e4e5 f7g8	  4    445   -400   0.00      1
1078. e5e4 g8f7	  4    699   -400   0.00      1
1079. e4e5 f7g8	  4    445   -400   0.00      1
1080. e5e4 g8f7	  4    699   -400   0.00      1
1081. e4e5 f7g8	  4    445   -400   0.00      1
1082. e5e4 g8f7	  4    699   -400   0.00      1
1083. e4e5 f7g8	  4    445   -400   0.00      1
1084. e5e4 g8f7	  4    699   -400   0.00      1
1085. e4e5 f7g8	  4    445   -400   0.00      1
1086. e5e4 g8f7	  4    699   -400   0.00      1
1087. e4e5 f7g8	  4    445   -400   0.00      1
1088. e5e4 g8f7	  4    699   -400   0.00      1
1089. e4e5 f7g8	  4    445   -400   0.00      1
1090. e5e4 g8f7	  4    699   -400   0.00      1
1091. e4e5 f7g8	  4    445   -400   0.00      1
1092. e5e4 g8f7	  4    699   -400   0.00      1
1093. e4e5 f7g8	  4    445   -400   0.00      1
1094. e5e4 g8f7	  4    699   -400   0.00      1
1095. e4e5 f7g8	  4    445   -400   0.00      1
1096. e5e4 g8f7	  4    699   -400   0.00      1
1097. e4e5 f7g8	  4    445   -400   0.00      1
1098. e5e4 g8f7	  4    699   -400   0.00      1
1099. e4e5 f7g8	  4    445   -400   0.00      1
1100. e5e4 g8f7	  4    699   -400   0.00      1
1101. e4e5 f7g8	  4    445   -400   0.00      1
1102. e5e4 g8f7	  4    699   -400   0.00      1
1103. e4e5 f7g8	  4    445   -400   0.00      1
1104. e5e4 g8f7	  4    699   -400   0.00      1
1105. e4e5 f7g8	  4    445   -400   0.00      1
1106. e5e4 g8f7	  4    699   -400   0.00      1
1107. e4e5 f7g8	  4    445   -400   0.00      1
1108. e5e4 g8f7	  4    699   -400   0.00      1
1109. e4e5 f7g8	  4    445   -400   0.00      1
1110. e5e4 g8f7	  4    699   -400   0.00      1
1111. e4e5 f7g8	  4    445   -400   0.00      1
1112. e5e4 g8f7	  4    699   -400   0.00      1
1113. e4e5 f7g8	  4    445   -400   0.00      1
1114. e5e4 g8f7	  4    699   -400   0.00      1
1115. e4e5 f7g8	  4    445   -400   0.00      1
1116. e5e4 g8f7	  4    699   -400   0.00      1
1117. e4e5 f7g8	  4    445   -400   0.00      1
1118. e5e4 g8f7	  4    699   -400   0.00      1
1119. e4e5 f7g8	  4    445   -400   0.00      1
1120. e5e4 g8f7	  4    699   -400   0.00      1
1121. e4e5 f7g8	  4    445   -400   0.00      1
1122. e5e4 g8f7	  4    699   -400   0.00      1
1123. e4e5 f7g8	  4    445   -400   0.00      1
1124. e5e4 g8f7	  4    699   -400   0.00      1
1125. e4e5 f7g8	  4    445   -400   0.00      1
1126. e5e4 g8f7	  4    699   -400   0.00      1
1127. e4e5 f7g8	  4    445   -400   0.00      1
1128. e5e4 g8f7	  4    699   -400   0.00      1
1129. e4e5 f7g8	  4    445   -400   0.00      1
1130. e5e4 g8f7	  4    699   -400   0.00      1
1131. e4e5 f7g8	  4    445   -400   0.00      1
1132. e5e4 g8f7	  4    699   -400   0.00      1
1133. e4e5 f7g8	  4    445   -400   0.00      1
1134. e5e4 g8f7	  4    699   -400   0.00      1
1135. e4e5 f7g8	  4    445   -400   0.00      1
1136. e5e4 g8f7	  4    699   -400   0.00      1
1137. e4e5 f7g8	  4    445   -400   0.00      1
1138. e5e4 g8f7	  4    699   -400   0.00      1
1139. e4e5 f7g8	  4    445   -400   0.00      1
1140. e5e4 g8f7	  4    699   -400   0.00      1
1141. e4e5 f7g8	  4    445   -400   0.00      1
1142. e5e4 g8f7	  4    699   -400   0.00      1
1143. e4e5 f7g8	  4    445   -400   0.00      1
1144. e5e4 g8f7	  4    699   -400   0.00      1
1145. e4e5 f7g8	  4    445   -400   0.00      1
1146. e5e4 g8f7	  4    699   -400   0.00      1
1147. e4e5 f7g8	  4    445   -400   0.00      1
1148. e5e4 g8f7	  4    699   -400   0.00      1
1149. e4e5 f7g8	  4    445   -400   0.00      1
1150. e5e4 g8f7	  4    699   -400   0.00      1
1151. e4e5 f7g8	  4    445   -400   0.00      1
1152. e5e4 g8f7	  4    699   -400   0.00      1
1153. e4e5 f7g8	  4    445   -400   0.00      1
1154. e5e4 g8f7	  4    699   -400   0.00      1
1155. e4e5 f7g8	  4    445   -400   0.00      1
1156. e5e4 g8f7	  4    699   -400   0.00      1
1157. e4e5 f7g8	  4    445   -400   0.00      1
1158. e5e4 g8f7	  4    699   -400   0.00      1
1159. e4e5 f7g8	  4    445   -400   0.00      1
1160. e5e4 g8f7	  4    699   -400   0.00      1
1161. e4e5 f7g8	  4    445   -400   0.00      1
1162. e5e4 g8f7	  4    699   -400   0.00      1
1163. e4e5 f7g8	  4    445   -400   0.00      1
1164. e5e4 g8f7	  4    699   -400   0.00      1
1165. e4e5 f7g8	  4    445   -400   0.00      1
1166. e5e4 g8f7	  4    699   -400   0.00      1
1167. e4e5 f7g8	  4    445   -400   0.00      1
1168. e5e4 g8f7	  4    699   -400   0.00      1
1169. e4e5 f7g8	  4    445   -400   0.00      1
1170. e5e4 g8f7	  4    699   -400   0.00      1
1171. e4e5 f7g8	  4    445   -400   0.00      1
1172. e5e4 g8f7	  4    699   -400   0.00      1
1173. e4e5 f7g8	  4    445   -400   0.00      1
1174. e5e4 g8f7	  4    699   -400   0.00      1
1175. e4e5 f7g8	  4    445   -400   0.00      1
1176. e5e4 g8f7	  4    699   -400   0.00      1
1177. e4e5 f7g8	  4    445   -400   0.00      1
1178. e5e4 g8f7	  4    699   -400   0.00      1
1179. e4e5 f7g8	  4    445   -400   0.00      1
1180. e5e4 g8f7	  4    699   -400   0.00      1
1181. e4e5 f7g8	  4    445   -400   0.00      1
1182. e5e4 g8f7	  4    699   -400   0.00      1
1183. e4e5 f7g8	  4    445   -400   0.00      1
1184. e5e4 g8f7	  4    699   -400   0.00      1
1185. e4e5 f7g8	  4    445   -400   0.00      1
1186. e5e4 g8f7	  4    699   -400   0.00      1
1187. e4e5 f7g8	  4    445   -400   0.00      1
1188. e5e4 g8f7	  4    699   -400   0.00      1
1189. e4e5 f7g8	  4    445   -400   0.00      1
1190. e5e4 g8f7	  4    699   -400   0.00      1
1191. e4e5 f7g8	  4    445   -400   0.00      1
1192. e5e4 g8f7	  4    699   -400   0.00      1
1193. e4e5 f7g8	  4    445   -400   0.00      1
1194. e5e4 g8f7	  4    699   -400   0.00      1
1195. e4e5 f7g8	  4    445   -400   0.00      1
1196. e5e4 g8f7	  4    699   -400   0.00      1
1197. e4e5 f7g8	  4    445   -400   0.00      1
1198. e5e4 g8f7	  4    699   -400   0.00      1
1199. e4e5 f7g8	  4    445   -400   0.00      1
1200. e5e4 g8f7	  4    699   -400   0.00      1
1201. e4e5 f7g8	  4    445   -400   0.00      1
1202. e5e4 g8f7	  4    699   -400   0.00      1
1203. e4e5 f7g8	  4    445   -400   0.00      1
1204. e5e4 g8f7	  4    699   -400   0.00      1
1205. e4e5 f7g8	  4    445   -400   0.00      1
1206. e5e4 g8f7	  4    699   -400   0.00      1
1207. e4e5 f7g8	  4    445   -400   0.00      1
1208. e5e4 g8f7	  4    699   -400   0.00      1
1209. e4e5 f7g8	  4    445   -400   0.00      1
1210. e5e4 g8f7	  4    699   -400   0.00      1
1211. e4e5 f7g8	  4    445   -400   0.00      1
1212. e5e4 g8f7	  4    699   -400   0.00      1
1213. e4e5 f7g8	  4    445   -400   0.00      1
1214. e5e4 g8f7	  4    699   -400   0.00      1
1215. e4e5 f7g8	  4    445   -400   0.00      1
1216. e5e4 g8f7	  4    699   -400   0.00      1
1217. e4e5 f7g8	  4    445   -400   0.00      1
1218. e5e4 g8f7	  4    699   -400   0.00      1
1219. e4e5 f7g8	  4    445   -400   0.00      1
1220. e5e4 g8f7	  4    699   -400   0.00      1
1221. e4e5 f7g8	  4    445   -400   0.00      1
1222. e5e4 g8f7	  4    699   -400   0.00      1
1223. e4e5 f7g8	  4    445   -400   0.00      1
1224. e5e4 g8f7	  4    699   -400   0.00      1
1225. e4e5 f7g8	  4    445   -400   0.00      1
1226. e5e4 g8f7	  4    699   -400   0.00      1
1227. e4e5 f7g8	  4    445   -400   0.00      1
1228. e5e4 g8f7	  4    699   -400   0.00      1
1229. e4e5 f7g8	  4    445   -400   0.00      1
1230. e5e4 g8f7	  4    699   -400   0.00      1
1231. e4e5 f7g8	  4    445   -400   0.00      1
1232. e5e4 g8f7	  4    699   -400   0.00      1
1233. e4e5 f7g8	  4    445   -400   0.00      1
1234. e5e4 g8f7	  4    699   -400   0.00      1
1235. e4e5 f7g8	  4    445   -400   0.00      1
1236. e5e4 g8f7	  4    699   -400   0.00      1
1237. e4e5 f7g8	  4    445   -400   0.00      1
1238. e5e4 g8f7	  4    699   -400   0.00      1
1239. e4e5 f7g8	  4    445   -400   0.00      1
1240. e5e4 g8f7	  4    699   -400   0.00      1
1241. e4e5 f7g8	  4    445   -400   0.00      1
1242. e5e4 g8f7	  4    699   -400   0.00      1
1243. e4e5 f7g8	  4    445   -400   0.00      1
1244. e5e4 g8f7	  4    699   -400   0.00      1
1245. e4e5 f7g8	  4    445   -400   0.00      1
1246. e5e4 g8f7	  4    699   -400   0.00      1
1247. e4e5 f7g8	  4    445   -400   0.00      1
1248. e5e4 g8f7	  4    699   -400   0.00      1
1249. e4e5 f7g8	  4    445   -400   0.00      1
1250. e5e4 g8f7	  4    699   -400   0.00      1
1251. e4e5 f7g8	  4    445   -400   0.00      1
1252. e5e4 g8f7	  4    699   -400   0.00      1
1253. e4e5 f7g8	  4    445   -400   0.00      1
1254. e5e4 g8f7	  4    699   -400   0.00      1
1255. e4e5 f7g8	  4    445   -400   0.00      1
1256. e5e4 g8f7	  4    699   -400   0.00      1
1257. e4e5 f7g8	  4    445   -400   0.00      1
1258. e5e4 g8f7	  4    699   -400   0.00      1
1259. e4e5 f7g8	  4    445   -400   0.00      1
1260. e5e4 g8f7	  4    699   -400   0.00      1
1261. e4e5 f7g8	  4    445   -400   0.00      1
1262. e5e4 g8f7	  4    699   -400   0.00      1
1263. e4e5 f7g8	  4    445   -400   0.00      1
1264. e5e4 g8f7	  4    699   -400   0.00      1
1265. e4e5 f7g8	  4    445   -400   0.00      1
1266. e5e4 g8f7	  4    699   -400   0.00      1
1267. e4e5 f7g8	  4    445   -400   0.00      1
1268. e5e4 g8f7	  4    699   -400   0.00      1
1269. e4e5 f7g8	  4    445   -400   0.00      1
1270. e5e4 g8f7	  4    699   -400   0.00      1
1271. e4e5 f7g8	  4    445   -400   0.00      1
1272. e5e4 g8f7	  4    699   -400   0.00      1
1273. e4e5 f7g8	  4    445   -400   0.00      1
1274. e5e4 g8f7	  4    699   -400   0.00      1
1275. e4e5 f7g8	  4    445   -400   0.00      1
1276. e5e4 g8f7	  4    699   -400   0.00      1
1277. e4e5 f7g8	  4    445   -400   0.00      1
1278. e5e4 g8f7	  4    699   -400   0.00      1
1279. e4e5 f7g8	  4    445   -400   0.00      1
1280. e5e4 g8f7	  4    699   -400   0.00      1
1281. e4e5 f7g8	  4    445   -400   0.00      1
1282. e5e4 g8f7	  4    699   -400   0.00      1
1283. e4e5 f7g8	  4    445   -400   0.00      1
1284. e5e4 g8f7	  4    699   -400   0.00      1
1285. e4e5 f7g8	  4    445   -400   0.00      1
1286. e5e4 g8f7	  4    699   -400   0.00      1
1287. e4e5 f7g8	  4    445   -400   0.00      1
1288. e5e4 g8f7	  4    699   -400   0.00      1
1289. e4e5 f7g8	  4    445   -400   0.00      1
1290. e5e4 g8f7	  4    699   -400   0.00      1
1291. e4e5 f7g8	  4    445   -400   0.00      1
1292. e5e4 g8f7	  4    699   -400   0.00      1
1293. e4e5 f7g8	  4    445   -400   0.00      1
1294. e5e4 g8f7	  4    699   -400   0.00      1
1295. e4e5 f7g8	  4    445   -400   0.00      1
1296. e5e4 g8f7	  4    699   -400   0.00      1
1297. e4e5 f7g8	  4    445   -400   0.00      1
1298. e5e4 g8f7	  4    699   -400   0.00      1
1299. e4e5 f7g8	  4    445   -400   0.00      1
1300. e5e4 g8f7	  4    699   -400   0.00      1
1301. e4e5 f7g8	  4    445   -400   0.00      1
1302. e5e4 g8f7	  4    699   -400   0.00      1
1303. e4e5 f7g8	  4    445   -400   0.00      1
1304. e5e4 g8f7	  4    699   -400   0.00      1
1305. e4e5 f7g8	  4    445   -400   0.00      1
1306. e5e4 g8f7	  4    699   -400   0.00      1
1307. e4e5 f7g8	  4    445   -400   0.00      1
1308. e5e4 g8f7	  4    699   -400   0.00      1
1309. e4e5 f7g8	  4    445   -400   0.00      1
1310. e5e4 g8f7	  4    699   -400   0.00      1
1311. e4e5 f7g8	  4    445   -400   0.00      1
1312. e5e4 g8f7	  4    699   -400   0.00      1
1313. e4e5 f7g8	  4    445   -400   0.00      1
1314. e5e4 g8f7	  4    699   -400   0.00      1
1315. e4e5 f7g8	  4    445   -400   0.00      1
1316. e5e4 g8f7	  4    699   -400   0.00      1
1317. e4e5 f7g8	  4    445   -400   0.00      1
1318. e5e4 g8f7	  4    699   -400   0.00      1
1319. e4e5 f7g8	  4    445   -400   0.00      1
1320. e5e4 g8f7	  4    699   -400   0.00      1
1321. e4e5 f7g8	  4    445   -400   0.00      1
1322. e5e4 g8f7	  4    699   -400   0.00      1
1323. e4e5 f7g8	  4    445   -400   0.00      1
1324. e5e4 g8f7	  4    699   -400   0.00      1
1325. e4e5 f7g8	  4    445   -400   0.00      1
1326. e5e4 g8f7	  4    699   -400   0.00      1
1327. e4e5 f7g8	  4    445   -400   0.00      1
1328. e5e4 g8f7	  4    699   -400   0.00      1
1329. e4e5 f7g8	  4    445   -400   0.00      1
1330. e5e4 g8f7	  4    699   -400   0.00      1
1331. e4e5 f7g8	  4    445   -400   0.00      1
1332. e5e4 g8f7	  4    699   -400   0.00      1
1333. e4e5 f7g8	  4    445   -400   0.00      1
1334. e5e4 g8f7	  4    699   -400   0.00      1
1335. e4e5 f7g8	  4    445   -400   0.00      1
1336. e5e4 g8f7	  4    699   -400   0.00      1
1337. e4e5 f7g8	  4    445   -400   0.00      1
1338. e5e4 g8f7	  4    699   -400   0.00      1
1339. e4e5 f7g8	  4    445   -400   0.00      1
1340. e5e4 g8f7	  4    699   -400   0.00      1
1341. e4e5 f7g8	  4    445   -400   0.00      1
1342. e5e4 g8f7	  4    699   -400   0.00      1
1343. e4e5 f7g8	  4    445   -400   0.00      1
1344. e5e4 g8f7	  4    699   -400   0.00      1
1345. e4e5 f7g8	  4    445   -400   0.00      1
1346. e5e4 g8f7	  4    699   -400   0.00      1
1347. e4e5 f7g8	  4    445   -400   0.00      1
1348. e5e4 g8f7	  4    699   -400   0.00      1
1349. e4e5 f7g8	  4    445   -400   0.00      1
1350. e5e4 g8f7	  4    699   -400   0.00      1
1351. e4e5 f7g8	  4    445   -400   0.00      1
1352. e5e4 g8f7	  4    699   -400   0.00      1
1353. e4e5 f7g8	  4    445   -400   0.00      1
1354. e5e4 g8f7	  4    699   -400   0.00      1
1355. e4e5 f7g8	  4    445   -400   0.00      1
1356. e5e4 g8f7	  4    699   -400   0.00      1
1357. e4e5 f7g8	  4    445   -400   0.00      1
1358. e5e4 g8f7	  4    699   -400   0.00      1
1359. e4e5 f7g8	  4    445   -400   0.00      1
1360. e5e4 g8f7	  4    699   -400   0.00      1
1361. e4e5 f7g8	  4    445   -400   0.00      1
1362. e5e4 g8f7	  4    699   -400   0.00      1
1363. e4e5 f7g8	  4    445   -400   0.00      1
1364. e5e4 g8f7	  4    699   -400   0.00      1
1365. e4e5 f7g8	  4    445   -400   0.00      1
1366. e5e4 g8f7	  4    699   -400   0.00      1
1367. e4e5 f7g8	  4    445   -400   0.00      1
1368. e5e4 g8f7	  4    699   -400   0.00      1
1369. e4e5 f7g8	  4    445   -400   0.00      1
1370. e5e4 g8f7	  4    699   -400   0.00      1
1371. e4e5 f7g8	  4    445   -400   0.00      1
1372. e5e4 g8f7	  4    699   -400   0.00      1
1373. e4e5 f7g8	  4    445   -400   0.00      1
1374. e5e4 g8f7	  4    699   -400   0.00      1
1375. e4e5 f7g8	  4    445   -400   0.00      1
1376. e5e4 g8f7	  4    699   -400   0.00      1
1377. e4e5 f7g8	  4    445   -400   0.00      1
1378. e5e4 g8f7	  4    699   -400   0.00      1
1379. e4e5 f7g8	  4    445   -400   0.00      1
1380. e5e4 g8f7	  4    699   -400   0.00      1
1381. e4e5 f7g8	  4    445   -400   0.00      1
1382. e5e4 g8f7	  4    699   -400   0.00      1
1383. e4e5 f7g8	  4    445   -400   0.00      1
1384. e5e4 g8f7	  4    699   -400   0.00      1
1385. e4e5 f7g8	  4    445   -400   0.00      1
1386. e5e4 g8f7	  4    699   -400   0.00      1
1387. e4e5 f7g8	  4    445   -400   0.00      1
1388. e5e4 g8f7	  4    699   -400   0.00      1
1389. e4e5 f7g8	  4    445   -400   0.00      1
1390. e5e4 g8f7	  4    699   -400   0.00      1
1391. e4e5 f7g8	  4    445   -400   0.00      1
1392. e5e4 g8f7	  4    699   -400   0.00      1
1393. e4e5 f7g8	  4    445   -400   0.00      1
1394. e5e4 g8f7	  4    699   -400   0.00      1
1395. e4e5 f7g8	  4    445   -400   0.00      1
1396. e5e4 g8f7	  4    699   -400   0.00      1
1397. e4e5 f7g8	  4    445   -400   0.00      1
1398. e5e4 g8f7	  4    699   -400   0.00      1
1399. e4e5 f7g8	  4    445   -400   0.00      1
1400. e5e4 g8f7	  4    699   -400   0.00      1
1401. e4e5 f7g8	  4    445   -400   0.00      1
1402. e5e4 g8f7	  4    699   -400   0.00      1
1403. e4e5 f7g8	  4    445   -400   0.00      1
1404. e5e4 g8f7	  4    699   -400   0.00      1
1405. e4e5 f7g8	  4    445   -400   0.00      1
1406. e5e4 g8f7	  4    699   -400   0.00      1
1407. e4e5 f7g8	  4    445   -400   0.00      1
1408. e5e4 g8f7	  4    699   -400   0.00      1
1409. e4e5 f7g8	  4    445   -400   0.00      1
1410. e5e4 g8f7	  4    699   -400   0.00      1
1411. e4e5 f7g8	  4    445   -400   0.00      1
1412. e5e4 g8f7	  4    699   -400   0.00      1
1413. e4e5 f7g8	  4    445   -400   0.00      1
1414. e5e4 g8f7	  4    699   -400   0.00      1
1415. e4e5 f7g8	  4    445   -400   0.00      1
1416. e5e4 g8f7	  4    699   -400   0.00      1
1417. e4e5 f7g8	  4    445   -400   0.00      1
1418. e5e4 g8f7	  4    699   -400   0.00      1
1419. e4e5 f7g8	  4    445   -400   0.00      1
1420. e5e4 g8f7	  4    699   -400   0.00      1
1421. e4e5 f7g8	  4    445   -400   0.00      1
1422. e5e4 g8f7	  4    699   -400   0.00      1
1423. e4e5 f7g8	  4    445   -400   0.00      1
1424. e5e4 g8f7	  4    699   -400   0.00      1
1425. e4e5 f7g8	  4    445   -400   0.00      1
1426. e5e4 g8f7	  4    699   -400   0.00      1
1427. e4e5 f7g8	  4    445   -400   0.00      1
1428. e5e4 g8f7	  4    699   -400   0.00      1
1429. e4e5 f7g8	  4    445   -400   0.00      1
1430. e5e4 g8f7	  4    699   -400   0.00      1
1431. e4e5 f7g8	  4    445   -400   0.00      1
1432. e5e4 g8f7	  4    699   -400   0.00      1
1433. e4e5 f7g8	  4    445   -400   0.00      1
1434. e5e4 g8f7	  4    699   -400   0.00      1
1435. e4e5 f7g8	  4    445   -400   0.00      1
1436. e5e4 g8f7	  4    699   -400   0.00      1
1437. e4e5 f7g8	  4    445   -400   0.00      1
1438. e5e4 g8f7	  4    699   -400   0.00      1
1439. e4e5 f7g8	  4    445   -400   0.00      1
1440. e5e4 g8f7	  4    699   -400   0.00      1
1441. e4e5 f7g8	  4    445   -400   0.00      1
1442. e5e4 g8f7	  4    699   -400   0.00      1
1443. e4e5 f7g8	  4    445   -400   0.00      1
1444. e5e4 g8f7	  4    699   -400   0.00      1
1445. e4e5 f7g8	  4    445   -400   0.00      1
1446. e5e4 g8f7	  4    699   -400   0.00      1
1447. e4e5 f7g8	  4    445   -400   0.00      1
1448. e5e4 g8f7	  4    699   -400   0.00      1
1449. e4e5 f7g8	  4    445   -400   0.00      1
1450. e5e4 g8f7	  4    699   -400   0.00      1
1451. e4e5 f7g8	  4    445   -400   0.00      1
1452. e5e4 g8f7	  4    699   -400   0.00      1
1453. e4e5 f7g8	  4    445   -400   0.00      1
1454. e5e4 g8f7	  4    699   -400   0.00      1
1455. e4e5 f7g8	  4    445   -400   0.00      1
1456. e5e4 g8f7	  4    699   -400   0.00      1
1457. e4e5 f7g8	  4    445   -400   0.00      1
1458. e5e4 g8f7	  4    699   -400   0.00      1
1459. e4e5 f7g8	  4    445   -400   0.00      1
1460. e5e4 g8f7	  4    699   -400   0.00      1
1461. e4e5 f7g8	  4    445   -400   0.00      1
1462. e5e4 g8f7	  4    699   -400   0.00      1
1463. e4e5 f7g8	  4    445   -400   0.00      1
1464. e5e4 g8f7	  4    699   -400   0.00      1
1465. e4e5 f7g8	  4    445   -400   0.00      1
1466. e5e4 g8f7	  4    699   -400   0.00      1
1467. e4e5 f7g8	  4    445   -400   0.00      1
1468. e5e4 g8f7	  4    699   -400   0.00      1
1469. e4e5 f7g8	  4    445   -400   0.00      1
1470. e5e4 g8f7	  4    699   -400   0.00      1
1471. e4e5 f7g8	  4    445   -400   0.00      1
1472. e5e4 g8f7	  4    699   -400   0.00      1
1473. e4e5 f7g8	  4    445   -400   0.00      1
1474. e5e4 g8f7	  4    699   -400   0.00      1
1475. e4e5 f7g8	  4    445   -400   0.00      1
1476. e5e4 g8f7	  4    699   -400   0.00      1
1477. e4e5 f7g8	  4    445   -400   0.00      1
1478. e5e4 g8f7	  4    699   -400   0.00      1
1479. e4e5 f7g8	  4    445   -400   0.00      1
1480. e5e4 g8f7	  4    699   -400   0.00      1
1481. e4e5 f7g8	  4    445   -400   0.00      1
1482. e5e4 g8f7	  4    699   -400   0.00      1
1483. e4e5 f7g8	  4    445   -400   0.00      1
1484. e5e4 g8f7	  4    699   -400   0.00      1
1485. e4e5 f7g8	  4    445   -400   0.00      1
1486. e5e4 g8f7	  4    699   -400   0.00      1
1487. e4e5 f7g8	  4    445   -400   0.00      1
1488. e5e4 g8f7	  4    699   -400   0.00      1
1489. e4e5 f7g8	  4    445   -400   0.00      1
1490. e5e4 g8f7	  4    699   -400   0.00      1
1491. e4e5 f7g8	  4    445   -400   0.00      1
1492. e5e4 g8f7	  4    699   -400   0.00      1
1493. e4e5 f7g8	  4    445   -400   0.00      1
1494. e5e4 g8f7	  4    699   -400   0.00      1
1495. e4e5 f7g8	  4    445   -400   0.00      1
1496. e5e4 g8f7	  4    699   -400   0.00      1
1497. e4e5 f7g8	  4    445   -400   0.00      1
1498. e5e4 g8f7	  4    699   -400   0.00      1
1499. e4e5 f7g8	  4    445   -400   0.00      1
1500. e5e4 g8f7	  4    699   -400   0.00      1
1501. e4e5 f7g8	  4    445   -400   0.00      1
1502. e5e4 g8f7	  4    699   -400   0.00      1
1503. e4e5 f7g8	  4    445   -400   0.00      1
1504. e5e4 g8f7	  4    699   -400   0.00      1
1505. e4e5 f7g8	  4    445   -400   0.00      1
1506. e5e4 g8f7	  4    699   -400   0.00      1
1507. e4e5 f7g8	  4    445   -400   0.00      1
1508. e5e4 g8f7	  4    699   -400   0.00      1
1509. e4e5 f7g8	  4    445   -400   0.00      1
1510. e5e4 g8f7	  4    699   -400   0.00      1
1511. e4e5 f7g8	  4    445   -400   0.00      1
1512. e5e4 g8f7	  4    699   -400   0.00      1
1513. e4e5 f7g8	  4    445   -400   0.00      1
1514. e5e4 g8f7	  4    699   -400   0.00      1
1515. e4e5 f7g8	  4    445   -400   0.00      1
1516. e5e4 g8f7	  4    699   -400   0.00      1
1517. e4e5 f7g8	  4    445   -400   0.00      1
1518. e5e4 g8f7	  4    699   -400   0.00      1
1519. e4e5 f7g8	  4    445   -400   0.00      1
1520. e5e4 g8f7	  4    699   -400   0.00      1
1521. e4e5 f7g8	  4    445   -400   0.00      1
1522. e5e4 g8f7	  4    699   -400   0.00      1
1523. e4e5 f7g8	  4    445   -400   0.00      1
1524. e5e4 g8f7	  4    699   -400   0.00      1
1525. e4e5 f7g8	  4    445   -400   0.00      1
1526. e5e4 g8f7	  4    699   -400   0.00      1
1527. e4e5 f7g8	  4    445   -400   0.00      1
1528. e5e4 g8f7	  4    699   -400   0.00      1
1529. e4e5 f7g8	  4    445   -400   0.00      1
1530. e5e4 g8f7	  4    699   -400   0.00      1
1531. e4e5 f7g8	  4    445   -400   0.00      1
1532. e5e4 g8f7	  4    699   -400   0.00      1
1533. e4e5 f7g8	  4    445   -400   0.00      1
1534. e5e4 g8f7	  4    699   -400   0.00      1
1535. e4e5 f7g8	  4    445   -400   0.00      1
1536. e5e4 g8f7	  4    699   -400   0.00      1
1537. e4e5 f7g8	  4    445   -400   0.00      1
1538. e5e4 g8f7	  4    699   -400   0.00      1
1539. e4e5 f7g8	  4    445   -400   0.00      1
1540. e5e4 g8f7	  4    699   -400   0.00      1
1541. e4e5 f7g8	  4    445   -400   0.00      1
1542. e5e4 g8f7	  4    699   -400   0.00      1
1543. e4e5 f7g8	  4    445   -400   0.00      1
1544. e5e4 g8f7	  4    699   -400   0.00      1
1545. e4e5 f7g8	  4    445   -400   0.00      1
1546. e5e4 g8f7	  4    699   -400   0.00      1
1547. e4e5 f7g8	  4    445   -400   0.00      1
1548. e5e4 g8f7	  4    699   -400   0.00      1
1549. e4e5 f7g8	  4    445   -400   0.00      1
1550. e5e4 g8f7	  4    699   -400   0.00      1
1551. e4e5 f7g8	  4    445   -400   0.00      1
1552. e5e4 g8f7	  4    699   -400   0.00      1
1553. e4e5 f7g8	  4    445   -400   0.00      1
1554. e5e4 g8f7	  4    699   -400   0.00      1
1555. e4e5 f7g8	  4    445   -400   0.00      1
1556. e5e4 g8f7	  4    699   -400   0.00      1
1557. e4e5 f7g8	  4    445   -400   0.00      1
1558. e5e4 g8f7	  4    699   -400   0.00      1
1559. e4e5 f7g8	  4    445   -400   0.00      1
1560. e5e4 g8f7	  4    699   -400   0.00      1
1561. e4e5 f7g8	  4    445   -400   0.00      1
1562. e5e4 g8f7	  4    699   -400   0.00      1
1563. e4e5 f7g8	  4    445   -400   0.00      1
1564. e5e4 g8f7	  4    699   -400   0.00      1
1565. e4e5 f7g8	  4    445   -400   0.00      1
1566. e5e4 g8f7	  4    699   -400   0.00      1
1567. e4e5 f7g8	  4    445   -400   0.00      1
1568. e5e4 g8f7	  4    699   -400   0.00      1
1569. e4e5 f7g8	  4    445   -400   0.00      1
1570. e5e4 g8f7	  4    699   -400   0.00      1
1571. e4e5 f7g8	  4    445   -400   0.00      1
1572. e5e4 g8f7	  4    699   -400   0.00      1
1573. e4e5 f7g8	  4    445   -400   0.00      1
1574. e5e4 g8f7	  4    699   -400   0.00      1
1575. e4e5 f7g8	  4    445   -400   0.00      1
1576. e5e4 g8f7	  4    699   -400   0.00      1
1577. e4e5 f7g8	  4    445   -400   0.00      1
1578. e5e4 g8f7	  4    699   -400   0.00      1
1579. e4e5 f7g8	  4    445   -400   0.00      1
1580. e5e4 g8f7	  4    699   -400   0.00      1
1581. e4e5 f7g8	  4    445   -400   0.00      1
1582. e5e4 g8f7	  4    699   -400   0.00      1
1583. e4e5 f7g8	  4    445   -400   0.00      1
1584. e5e4 g8f7	  4    699   -400   0.00      1
1585. e4e5 f7g8	  4    445   -400   0.00      1
1586. e5e4 g8f7	  4    699   -400   0.00      1
1587. e4e5 f7g8	  4    445   -400   0.00      1
1588. e5e4 g8f7	  4    699   -400   0.00      1
1589. e4e5 f7g8	  4    445   -400   0.00      1
1590. e5e4 g8f7	  4    699   -400   0.00      1
1591. e4e5 f7g8	  4    445   -400   0.00      1
1592. e5e4 g8f7	  4    699   -400   0.00      1
1593. e4e5 f7g8	  4    445   -400   0.00      1
1594. e5e4 g8f7	  4    699   -400   0.00      1
1595. e4e5 f7g8	  4    445   -400   0.00      1
1596. e5e4 g8f7	  4    699   -400   0.00      1
1597. e4e5 f7g8	  4    445   -400   0.00      1
1598. e5e4 g8f7	  4    699   -400   0.00      1
1599. e4e5 f7g8	  4    445   -400   0.00      1
1600. e5e4 g8f7	  4    699   -400   0.00      1
1601. e4e5 f7g8	  4    445   -400   0.00      1
1602. e5e4 g8f7	  4    699   -400   0.00      1
1603. e4e5 f7g8	  4    445   -400   0.00      1
1604. e5e4 g8f7	  4    699   -400   0.00      1
1605. e4e5 f7g8	  4    445   -400   0.00      1
1606. e5e4 g8f7	  4    699   -400   0.00      1
1607. e4e5 f7g8	  4    445   -400   0.00      1
1608. e5e4 g8f7	  4    699   -400   0.00      1
1609. e4e5 f7g8	  4    445   -400   0.00      1
1610. e5e4 g8f7	  4    699   -400   0.00      1
1611. e4e5 f7g8	  4    445   -400   0.00      1
1612. e5e4 g8f7	  4    699   -400   0.00      1
1613. e4e5 f7g8	  4    445   -400   0.00      1
1614. e5e4 g8f7	  4    699   -400   0.00      1
1615. e4e5 f7g8	  4    445   -400   0.00      1
1616. e5e4 g8f7	  4    699   -400   0.00      1
1617. e4e5 f7g8	  4    445   -400   0.00      1
1618. e5e4 g8f7	  4    699   -400   0.00      1
1619. e4e5 f7g8	  4    445   -400   0.00      1
1620. e5e4 g8f7	  4    699   -400   0.00      1
1621. e4e5 f7g8	  4    445   -400   0.00      1
1622. e5e4 g8f7	  4    699   -400   0.00      1
1623. e4e5 f7g8	  4    445   -400   0.00      1
1624. e5e4 g8f7	  4    699   -400   0.00      1
1625. e4e5 f7g8	  4    445   -400   0.00      1
1626. e5e4 g8f7	  4    699   -400   0.00      1
1627. e4e5 f7g8	  4    445   -400   0.00      1
1628. e5e4 g8f7	  4    699   -400   0.00      1
1629. e4e5 f7g8	  4    445   -400   0.00      1
1630. e5e4 g8f7	  4    699   -400   0.00      1
1631. e4e5 f7g8	  4    445   -400   0.00      1
1632. e5e4 g8f7	  4    699   -400   0.00      1
1633. e4e5 f7g8	  4    445   -400   0.00      1
1634. e5e4 g8f7	  4    699   -400   0.00      1
1635. e4e5 f7g8	  4    445   -400   0.00      1
1636. e5e4 g8f7	  4    699   -400   0.00      1
1637. e4e5 f7g8	  4    445   -400   0.00      1
1638. e5e4 g8f7	  4    699   -400   0.00      1
1639. e4e5 f7g8	  4    445   -400   0.00      1
1640. e5e4 g8f7	  4    699   -400   0.00      1
1641. e4e5 f7g8	  4    445   -400   0.00      1
1642. e5e4 g8f7	  4    699   -400   0.00      1
1643. e4e5 f7g8	  4    445   -400   0.00      1
1644. e5e4 g8f7	  4    699   -400   0.00      1
1645. e4e5 f7g8	  4    445   -400   0.00      1
1646. e5e4 g8f7	  4    699   -400   0.00      1
1647. e4e5 f7g8	  4    445   -400   0.00      1
1648. e5e4 g8f7	  4    699   -400   0.00      1
1649. e4e5 f7g8	  4    445   -400   0.00      1
1650. e5e4 g8f7	  4    699   -400   0.00      1
1651. e4e5 f7g8	  4    445   -400   0.00      1
1652. e5e4 g8f7	  4    699   -400   0.00      1
1653. e4e5 f7g8	  4    445   -400   0.00      1
1654. e5e4 g8f7	  4    699   -400   0.00      1
1655. e4e5 f7g8	  4    445   -400   0.00      1
1656. e5e4 g8f7	  4    699   -400   0.00      1
1657. e4e5 f7g8	  4    445   -400   0.00      1
1658. e5e4 g8f7	  4    699   -400   0.00      1
1659. e4e5 f7g8	  4    445   -400   0.00      1
1660. e5e4 g8f7	  4    699   -400   0.00      1
1661. e4e5 f7g8	  4    445   -400   0.00      1
1662. e5e4 g8f7	  4    699   -400   0.00      1
1663. e4e5 f7g8	  4    445   -400   0.00      1
1664. e5e4 g8f7	  4    699   -400   0.00      1
1665. e4e5 f7g8	  4    445   -400   0.00      1
1666. e5e4 g8f7	  4    699   -400   0.00      1
1667. e4e5 f7g8	  4    445   -400   0.00      1
1668. e5e4 g8f7	  4    699   -400   0.00      1
1669. e4e5 f7g8	  4    445   -400   0.00      1
1670. e5e4 g8f7	  4    699   -400   0.00      1
1671. e4e5 f7g8	  4    445   -400   0.00      1
1672. e5e4 g8f7	  4    699   -400   0.00      1
1673. e4e5 f7g8	  4    445   -400   0.00      1
1674. e5e4 g8f7	  4    699   -400   0.00      1
1675. e4e5 f7g8	  4    445   -400   0.00      1
1676. e5e4 g8f7	  4    699   -400   0.00      1
1677. e4e5 f7g8	  4    445   -400   0.00      1
1678. e5e4 g8f7	  4    699   -400   0.00      1
1679. e4e5 f7g8	  4    445   -400   0.00      1
1680. e5e4 g8f7	  4    699   -400   0.00      1
1681. e4e5 f7g8	  4    445   -400   0.00      1
1682. e5e4 g8f7	  4    699   -400   0.00      1
1683. e4e5 f7g8	  4    445   -400   0.00      1
1684. e5e4 g8f7	  4    699   -400   0.00      1
1685. e4e5 f7g8	  4    445   -400   0.00      1
1686. e5e4 g8f7	  4    699   -400   0.00      1
1687. e4e5 f7g8	  4    445   -400   0.00      1
1688. e5e4 g8f7	  4    699   -400   0.00      1
1689. e4e5 f7g8	  4    445   -400   0.00      1
1690. e5e4 g8f7	  4    699   -400   0.00      1
1691. e4e5 f7g8	  4    445   -400   0.00      1
1692. e5e4 g8f7	  4    699   -400   0.00      1
1693. e4e5 f7g8	  4    445   -400   0.00      1
1694. e5e4 g8f7	  4    699   -400   0.00      1
1695. e4e5 f7g8	  4    445   -400   0.00      1
1696. e5e4 g8f7	  4    699   -400   0.00      1
1697. e4e5 f7g8	  4    445   -400   0.00      1
1698. e5e4 g8f7	  4    699   -400   0.00      1
1699. e4e5 f7g8	  4    445   -400   0.00      1
1700. e5e4 g8f7	  4    699   -400   0.00      1
1701. e4e5 f7g8	  4    445   -400   0.00      1
1702. e5e4 g8f7	  4    699   -400   0.00      1
1703. e4e5 f7g8	  4    445   -400   0.00      1
1704. e5e4 g8f7	  4    699   -400   0.00      1
1705. e4e5 f7g8	  4    445   -400   0.00      1
1706. e5e4 g8f7	  4    699   -400   0.00      1
1707. e4e5 f7g8	  4    445   -400   0.00      1
1708. e5e4 g8f7	  4    699   -400   0.00      1
1709. e4e5 f7g8	  4    445   -400   0.00      1
1710. e5e4 g8f7	  4    699   -400   0.00      1
1711. e4e5 f7g8	  4    445   -400   0.00      1
1712. e5e4 g8f7	  4    699   -400   0.00      1
1713. e4e5 f7g8	  4    445   -400   0.00      1
1714. e5e4 g8f7	  4    699   -400   0.00      1
1715. e4e5 f7g8	  4    445   -400   0.00      1
1716. e5e4 g8f7	  4    699   -400   0.00      1
1717. e4e5 f7g8	  4    445   -400   0.00      1
1718. e5e4 g8f7	  4    699   -400   0.00      1
1719. e4e5 f7g8	  4    445   -400   0.00      1
1720. e5e4 g8f7	  4    699   -400   0.00      1
1721. e4e5 f7g8	  4    445   -400   0.00      1
1722. e5e4 g8f7	  4    699   -400   0.00      1
1723. e4e5 f7g8	  4    445   -400   0.00      1
1724. e5e4 g8f7	  4    699   -400   0.00      1
1725. e4e5 f7g8	  4    445   -400   0.00      1
1726. e5e4 g8f7	  4    699   -400   0.00      1
1727. e4e5 f7g8	  4    445   -400   0.00      1
1728. e5e4 g8f7	  4    699   -400   0.00      1
1729. e4e5 f7g8	  4    445   -400   0.00      1
1730. e5e4 g8f7	  4    699   -400   0.00      1
1731. e4e5 f7g8	  4    445   -400   0.00      1
1732. e5e4 g8f7	  4    699   -400   0.00      1
1733. e4e5 f7g8	  4    445   -400   0.00      1
1734. e5e4 g8f7	  4    699   -400   0.00      1
1735. e4e5 f7g8	  4    445   -400   0.00      1
1736. e5e4 g8f7	  4    699   -400   0.00      1
1737. e4e5 f7g8	  4    445   -400   0.00      1
1738. e5e4 g8f7	  4    699   -400   0.00      1
1739. e4e5 f7g8	  4    445   -400   0.00      1
1740. e5e4 g8f7	  4    699   -400   0.00      1
1741. e4e5 f7g8	  4    445   -400   0.00      1
1742. e5e4 g8f7	  4    699   -400   0.00      1
1743. e4e5 f7g8	  4    445   -400   0.00      1
1744. e5e4 g8f7	  4    699   -400   0.00      1
1745. e4e5 f7g8	  4    445   -400   0.00      1
1746. e5e4 g8f7	  4    699   -400   0.00      1
1747. e4e5 f7g8	  4    445   -400   0.00      1
1748. e5e4 g8f7	  4    699   -400   0.00      1
1749. e4e5 f7g8	  4    445   -400   0.00      1
1750. e5e4 g8f7	  4    699   -400   0.00      1
1751. e4e5 f7g8	  4    445   -400   0.00      1
1752. e5e4 g8f7	  4    699   -400   0.00      1
1753. e4e5 f7g8	  4    445   -400   0.00      1
1754. e5e4 g8f7	  4    699   -400   0.00      1
1755. e4e5 f7g8	  4    445   -400   0.00      1
1756. e5e4 g8f7	  4    699   -400   0.00      1
1757. e4e5 f7g8	  4    445   -400   0.00      1
1758. e5e4 g8f7	  4    699   -400   0.00      1
1759. e4e5 f7g8	  4    445   -400   0.00      1
1760. e5e4 g8f7	  4    699   -400   0.00      1
1761. e4e5 f7g8	  4    445   -400   0.00      1
1762. e5e4 g8f7	  4    699   -400   0.00      1
1763. e4e5 f7g8	  4    445   -400   0.00      1
1764. e5e4 g8f7	  4    699   -400   0.00      1
1765. e4e5 f7g8	  4    445   -400   0.00      1
1766. e5e4 g8f7	  4    699   -400   0.00      1
1767. e4e5 f7g8	  4    445   -400   0.00      1
1768. e5e4 g8f7	  4    699   -400   0.00      1
1769. e4e5 f7g8	  4    445   -400   0.00      1
1770. e5e4 g8f7	  4    699   -400   0.00      1
1771. e4e5 f7g8	  4    445   -400   0.00      1
1772. e5e4 g8f7	  4    699   -400   0.00      1
1773. e4e5 f7g8	  4    445   -400   0.00      1
1774. e5e4 g8f7	  4    699   -400   0.00      1
1775. e4e5 f7g8	  4    445   -400   0.00      1
1776. e5e4 g8f7	  4    699   -400   0.00      1
1777. e4e5 f7g8	  4    445   -400   0.00      1
1778. e5e4 g8f7	  4    699   -400   0.00      1
1779. e4e5 f7g8	  4    445   -400   0.00      1
1780. e5e4 g8f7	  4    699   -400   0.00      1
1781. e4e5 f7g8	  4    445   -400   0.00      1
1782. e5e4 g8f7	  4    699   -400   0.00      1
1783. e4e5 f7g8	  4    445   -400   0.00      1
1784. e5e4 g8f7	  4    699   -400   0.00      1
1785. e4e5 f7g8	  4    445   -400   0.00      1
1786. e5e4 g8f7	  4    699   -400   0.00      1
1787. e4e5 f7g8	  4    445   -400   0.00      1
1788. e5e4 g8f7	  4    699   -400   0.00      1
1789. e4e5 f7g8	  4    445   -400   0.00      1
1790. e5e4 g8f7	  4    699   -400   0.00      1
1791. e4e5 f7g8	  4    445   -400   0.00      1
1792. e5e4 g8f7	  4    699   -400   0.00      1
1793. e4e5 f7g8	  4    445   -400   0.00      1
1794. e5e4 g8f7	  4    699   -400   0.00      1
1795. e4e5 f7g8	  4    445   -400   0.00      1
1796. e5e4 g8f7	  4    699   -400   0.00      1
1797. e4e5 f7g8	  4    445   -400   0.00      1
1798. e5e4 g8f7	  4    699   -400   0.00      1
1799. e4e5 f7g8	  4    445   -400   0.00      1
1800. e5e4 g8f7	  4    699   -400   0.00      1
1801. e4e5 f7g8	  4    445   -400   0.00      1
1802. e5e4 g8f7	  4    699   -400   0.00      1
1803. e4e5 f7g8	  4    445   -400   0.00      1
1804. e5e4 g8f7	  4    699   -400   0.00      1
1805. e4e5 f7g8	  4    445   -400   0.00      1
1806. e5e4 g8f7	  4    699   -400   0.00      1
1807. e4e5 f7g8	  4    445   -400   0.00      1
1808. e5e4 g8f7	  4    699   -400   0.00      1
1809. e4e5 f7g8	  4    445   -400   0.00      1
1810. e5e4 g8f7	  4    699   -400   0.00      1
1811. e4e5 f7g8	  4    445   -400   0.00      1
1812. e5e4 g8f7	  4    699   -400   0.00      1
1813. e4e5 f7g8	  4    445   -400   0.00      1
1814. e5e4 g8f7	  4    699   -400   0.00      1
1815. e4e5 f7g8	  4    445   -400   0.00      1
1816. e5e4 g8f7	  4    699   -400   0.00      1
1817. e4e5 f7g8	  4    445   -400   0.00      1
1818. e5e4 g8f7	  4    699   -400   0.00      1
1819. e4e5 f7g8	  4    445   -400   0.00      1
1820. e5e4 g8f7	  4    699   -400   0.00      1
1821. e4e5 f7g8	  4    445   -400   0.00      1
1822. e5e4 g8f7	  4    699   -400   0.00      1
1823. e4e5 f7g8	  4    445   -400   0.00      1
1824. e5e4 g8f7	  4    699   -400   0.00      1
1825. e4e5 f7g8	  4    445   -400   0.00      1
1826. e5e4 g8f7	  4    699   -400   0.00      1
1827. e4e5 f7g8	  4    445   -400   0.00      1
1828. e5e4 g8f7	  4    699   -400   0.00      1
1829. e4e5 f7g8	  4    445   -400   0.00      1
1830. e5e4 g8f7	  4    699   -400   0.00      1
1831. e4e5 f7g8	  4    445   -400   0.00      1
1832. e5e4 g8f7	  4    699   -400   0.00      1
1833. e4e5 f7g8	  4    445   -400   0.00      1
1834. e5e4 g8f7	  4    699   -400   0.00      1
1835. e4e5 f7g8	  4    445   -400   0.00      1
1836. e5e4 g8f7	  4    699   -400   0.00      1
1837. e4e5 f7g8	  4    445   -400   0.00      1
1838. e5e4 g8f7	  4    699   -400   0.00      1
1839. e4e5 f7g8	  4    445   -400   0.00      1
1840. e5e4 g8f7	  4    699   -400   0.00      1
1841. e4e5 f7g8	  4    445   -400   0.00      1
1842. e5e4 g8f7	  4    699   -400   0.00      1
1843. e4e5 f7g8	  4    445   -400   0.00      1
1844. e5e4 g8f7	  4    699   -400   0.00      1
1845. e4e5 f7g8	  4    445   -400   0.00      1
1846. e5e4 g8f7	  4    699   -400   0.00      1
1847. e4e5 f7g8	  4    445   -400   0.00      1
1848. e5e4 g8f7	  4    699   -400   0.00      1
1849. e4e5 f7g8	  4    445   -400   0.00      1
1850. e5e4 g8f7	  4    699   -400   0.00      1
1851. e4e5 f7g8	  4    445   -400   0.00      1
1852. e5e4 g8f7	  4    699   -400   0.00      1
1853. e4e5 f7g8	  4    445   -400   0.00      1
1854. e5e4 g8f7	  4    699   -400   0.00      1
1855. e4e5 f7g8	  4    445   -400   0.00      1
1856. e5e4 g8f7	  4    699   -400   0.00      1
1857. e4e5 f7g8	  4    445   -400   0.00      1
1858. e5e4 g8f7	  4    699   -400   0.00      1
1859. e4e5 f7g8	  4    445   -400   0.00      1
1860. e5e4 g8f7	  4    699   -400   0.00      1
1861. e4e5 f7g8	  4    445   -400   0.00      1
1862. e5e4 g8f7	  4    699   -400   0.00      1
1863. e4e5 f7g8	  4    445   -400   0.00      1
1864. e5e4 g8f7	  4    699   -400   0.00      1
1865. e4e5 f7g8	  4    445   -400   0.00      1
1866. e5e4 g8f7	  4    699   -400   0.00      1
1867. e4e5 f7g8	  4    445   -400   0.00      1
1868. e5e4 g8f7	  4    699   -400   0.00      1
1869. e4e5 f7g8	  4    445   -400   0.00      1
1870. e5e4 g8f7	  4    699   -400   0.00      1
1871. e4e5 f7g8	  4    445   -400   0.00      1
1872. e5e4 g8f7	  4    699   -400   0.00      1
1873. e4e5 f7g8	  4    445   -400   0.00      1
1874. e5e4 g8f7	  4    699   -400   0.00      1
1875. e4e5 f7g8	  4    445   -400   0.00      1
1876. e5e4 g8f7	  4    699   -400   0.00      1
1877. e4e5 f7g8	  4    445   -400   0.00      1
1878. e5e4 g8f7	  4    699   -400   0.00      1
1879. e4e5 f7g8	  4    445   -400   0.00      1
1880. e5e4 g8f7	  4    699   -400   0.00      1
1881. e4e5 f7g8	  4    445   -400   0.00      1
1882. e5e4 g8f7	  4    699   -400   0.00      1
1883. e4e5 f7g8	  4    445   -400   0.00      1
1884. e5e4 g8f7	  4    699   -400   0.00      1
1885. e4e5 f7g8	  4    445   -400   0.00      1
1886. e5e4 g8f7	  4    699   -400   0.00      1
1887. e4e5 f7g8	  4    445   -400   0.00      1
1888. e5e4 g8f7	  4    699   -400   0.00      1
1889. e4e5 f7g8	  4    445   -400   0.00      1
1890. e5e4 g8f7	  4    699   -400   0.00      1
1891. e4e5 f7g8	  4    445   -400   0.00      1
1892. e5e4 g8f7	  4    699   -400   0.00      1
1893. e4e5 f7g8	  4    445   -400   0.00      1
1894. e5e4 g8f7	  4    699   -400   0.00      1
1895. e4e5 f7g8	  4    445   -400   0.00      1
1896. e5e4 g8f7	  4    699   -400   0.00      1
1897. e4e5 f7g8	  4    445   -400   0.00      1
1898. e5e4 g8f7	  4    699   -400   0.00      1
1899. e4e5 f7g8	  4    445   -400   0.00      1
19