  White Black Depth  Nodes  Score    Cpu     Rate
1. e2e4 e7e5	  4   5793      0   0.00      1
2. d2d4 e5d4	  4  22350      0   0.00      1
3. c1d2 d7d5	  4 275734    100   0.00      1
4. e4d5 d8d5	  4 375531    100   1.00      375531
5. g1f3 g8f6	  4 4445192    100   2.00      2222596
6. d2f4 d5c5	  4 11065709    100   5.00      2213142
7. e1g1 c5c2	  4      0    -75   0.00      0
8. d1c2 b8c6	  4 278574   -800   0.00      1
9. f4c7 c8e6	  4 673019   -800   0.00      1
10. b1d2 c6e5	  4      0    800   0.00      0
11. c7e5 e8g8	  4 649755  -1225   0.00      1
12. f3d4 f8c8	  4 286816  -1225   0.00      1
13. c2d3 c8c5	  4 5262032  -1225   3.00      1754011
14. e5f6 g7f6	  4 3101565  -1300   2.00      1550783
15. d4e6 f7e6	  4 691241  -1325   0.00      1
16. d2e4 c5f5	  4 200232  -1325   1.00      200232
17. d3b3 f5e5	  4  73583  -1425   0.00      1
18. e4f6 g8h8	  4  23843  -1525   0.00      1
19. b3b7 a8g8	  4  69281  -1925   0.00      1
20. f6g8 e5f5	  4 188375  -1925   0.00      1
21. g8e7 f5c5	  4  22812  -2025   0.00      1
22. b7a7 c5c4	  4  45207  -2025   0.00      1
23. a1e1 e6e5	  4  37143  -2125   0.00      1
24. a7b8 h8g7	  4   5665  -2300   0.00      1
25. b8g8 g7f6	  4   5210  -2300   0.00      1
26. e7d5 f6f5	  4      0   2525   0.00      0
27. d5e3 f5f6	  4  10736  -2625   0.00      1
28. e3c4 h7h5	  4   7399  -2625   0.00      1
29. e1e5 h5h4	  4      0   7125   0.00      0
30. h2h3 	  4  21599  32767   0.00      1
Averages:  4.00 ply, 1070938 nodes,  0.54 cpu, 1988885 nodes/sec
