  White Black Depth  Nodes  Score    Cpu     Rate
1. e2e4 e7e5	  4   5793      0   0.00      1
2. d2d4 e5d4	  4  22350      0   0.00      1
3. d1d4 b8c6	  4 135060      0   0.00      1
4. d4d5 g8f6	  4 246709      0   0.00      1
5. d5d3 d7d5	  4 170274      0   0.00      1
6. e4d5 d8d5	  4  80243      0   0.00      1
7. d3d5 f6d5	  4   4556      0   0.00      1
8. g1f3 c8f5	  4 117213      0   0.00      1
9. c2c4 d5b4	  4 240168     25   1.00      240168
10. b1a3 f8e7	  4 344098     25   0.00      1
11. f3d2 e8g8	  4 473501     25   0.00      1
12. d2f3 b4d3	  4 741759    100   0.00      1
13. e1e2 f8e8	  4 1093166    100   1.00      1093166
14. c1e3 d3b2	  4 914599    100   0.00      1
15. a3b5 e7d8	  4 1179206    175   1.00      1179206
16. b5a3 d8f6	  4 955921    175   1.00      955921
17. a1e1 f6c3	  4 1946676    250   0.00      1
18. f3d2 e8e3	  4 1750850    275   1.00      1750850
19. f2e3 f5d3	  4 333734    375   0.00      1
20. e2f3 c3d2	  4 143660    375   0.00      1
21. e1g1 b2c4	  4  67714    375   0.00      1
22. a3c4 d3c4	  4  52201    375   0.00      1
23. g1b1 c4a2	  4  84274    375   0.00      1
24. b1b7 c6e5	  4  40884    375   0.00      1
25. f3e4 a8e8	  4  60508    375   0.00      1
26. b7c7 e5c4	  4 123416    375   0.00      1
27. e4d5 c4e3	  4 111897    375   0.00      1
28. d5d4 e3g2	  4  40334    475   0.00      1
29. c7c6 a2e6	  4  31917    475   0.00      1
30. c6c7 d2f4	  4  36504    475   0.00      1
31. c7c2 e8d8	  4  52902    575   0.00      1
32. d4e4 e6d5	  4  86031    625   0.00      1
33. e4f5 g2e3	  4  72536    625   0.00      1
34. f5f4 e3c2	  4   8515    625   0.00      1
35. h2h4 d8d6	  4   7846    625   0.00      1
36. h4h5 c2d4	  4  12915    625   0.00      1
37. f4e5 d4b5	  4   6948    625   0.00      1
38. e5f4 d6e6	  4  14598    625   0.00      1
39. f4f5 d5f3	  4  16937    725   1.00      16937
40. h5h6 e6h6	  4  20761    725   0.00      1
41. f5f4 f3d5	  4  12991    725   0.00      1
42. f4e5 h6d6	  4   5505    725   0.00      1
43. e5f4 b5d4	  4   9644    725   0.00      1
44. f4e5 d4b5	  4   4884    725   0.00      1
45. e5f4 d6e6	  4   9747    725   0.00      1
46. f4f5 g7g6	  4   7829    725   0.00      1
47. f5f4 f7f6	  4   7895    725   0.00      1
48. f4g4 f6f5	  4  13302    725   0.00      1
49. g4f4 e6e2	  4   8021    725   0.00      1
50. f4g5 b5d4	  4   8693    725   0.00      1
51. g5f4 h7h6	  4   4732    725   0.00      1
52. f4g3 g6g5	  4  10952   5225   0.00      1
53. g3h3 e2g2	  4   7697  32767   0.00      1
Averages:  4.00 ply, 225680 nodes,  0.11 cpu, 1993511 nodes/sec
