  White Black Depth  Nodes  Score    Cpu     Rate
1. e2e4 e7e5	  4   5793      0   0.00      1
2. d2d4 e5d4	  4  22350      0   0.00      1
3. d1d4 b8c6	  4 135060      0   0.00      1
4. d4d5 g8f6	  4 246709      0   1.00      246709
5. d5d3 d7d5	  4 170274      0   0.00      1
6. e4d5 d8d5	  4  84439      0   0.00      1
7. d3d5 f6d5	  4   4788      0   0.00      1
8. g1f3 c8f5	  4 162322      0   0.00      1
9. f1d3 f5d3	  4 172861      0   0.00      1
10. f3h4 d3c2	  4 107255    450   0.00      1
11. e1g1 e8c8	  4 324534    450   0.00      1
12. b1c3 d5c3	  4 170364    450   0.00      1
13. b2c3 f8c5	  4  57001    450   0.00      1
14. c1f4 c5e3	  4      0   -450   0.00      0
15. f4e3 d8d5	  4  88566    100   0.00      1
16. h4f3 h8e8	  4 114837    100   0.00      1
17. a1c1 c2e4	  4  84559    100   0.00      1
18. c1d1 d5d1	  4 621597    100   1.00      621597
19. f1d1 e8d8	  4 157612    100   0.00      1
20. d1d8 c8d8	  4   2368    100   0.00      1
21. f3d4 c6d4	  4   7153    100   0.00      1
22. e3d4 d8e8	  4      0      0   0.00      0
23. d4g7 e4d5	  4   5990      0   0.00      1
24. g7d4 d5e4	  4      0      0   0.00      0
25. d4a7 f7f6	  4   4385   -100   0.00      1
26. a7d4 f6f5	  4   7858   -100   0.00      1
27. c3c4 b7b6	  4   8402   -100   0.00      1
28. f2f3 e4d3	  4   7291   -100   0.00      1
29. c4c5 b6c5	  4   1792   -100   0.00      1
30. d4c5 c7c6	  4   4061   -100   0.00      1
31. g2g3 d3c4	  4   8343   -100   0.00      1
32. a2a4 h7h6	  4   7170   -100   0.00      1
33. g3g4 f5g4	  4  10684   -100   0.00      1
34. f3g4 c4d5	  4   5035   -100   0.00      1
35. h2h4 d5e4	  4   5637   -100   0.00      1
36. g4g5 h6g5	  4   3771   -100   0.00      1
37. h4g5 e8d7	  4   1420   -100   0.00      1
38. g1f2 d7c8	  4   2030   -100   0.00      1
39. f2g1 c8d7	  4   2056   -100   0.00      1
40. c5d4 d7c8	  4   2125   -100   0.00      1
41. a4a5 c8d7	  4   1728   -100   0.00      1
42. d4e5 c6c5	  4   1252   -100   0.00      1
43. g1f2 c5c4	  4   2317   -100   0.00      1
44. f2g1 e4d5	  4   3010   -100   0.00      1
45. g5g6 d5e4	  4   2705   -100   0.00      1
46. g6g7 e4d5	  4   2827   -100   0.00      1
47. g7g8 d7c6	  4      0    100   0.00      0
48. g8d8 d5f7	  4  10869  -1100   0.00      1
49. d8d6 c6b5	  4   2517  -1250   0.00      1
50. e5c3 f7e6	  4   8957  -1350   0.00      1
51. d6b6 b5a4	  4      0   5100   0.00      0
52. b6b4 	  4  11809   5100   0.00      1
Averages:  4.00 ply, 61202 nodes,  0.04 cpu, 1438242 nodes/sec
