  White Black Depth  Nodes  Score    Cpu     Rate
1. e2e4 e7e5	  4   5793      0   0.00      1
2. d2d4 e5d4	  4  22350      0   0.00      1
3. d1d4 b8c6	  4 135060      0   0.00      1
4. f1d3 c6d4	  4  28603    900   0.00      1
5. g1f3 d4f3	  4 772582    900   0.00      1
6. g2f3 b7b6	  4      0  -1000   0.00      0
7. c1f4 d8f6	  4  43527   1000   0.00      1
8. f4c7 f6b2	  4 111518   1350   0.00      1
9. c7e5 b2e5	  4 492485   1350   1.00      492485
10. c2c3 e5h2	  4 120217   1350   0.00      1
11. b1d2 g8f6	  4 220806   1350   0.00      1
12. a1b1 e8g8	  4 990350   1350   0.00      1
13. d2c4 d7d5	  4 2735637   1350   1.00      2735637
14. e4d5 f8e8	  4 4667057   1450   1.00      4667057
15. c4e3 f6d5	  4 3975470   1450   2.00      1987735
16. d3e4 h2g1	  4 4894339   1550   2.00      2447170
17. e3f1 d5f6	  4 2959912   1800   1.00      2959912
18. e1d2 f6e4	  4 190601   1900   0.00      1
19. d2c2 g1f2	  4 165986   2000   0.00      1
20. c2d3 g8h8	  4      0  -2000   0.00      0
21. f3e4 h8g8	  4      0  -1575   0.00      0
22. b1b4 f2a2	  4 244182   1575   0.00      1
23. b4d4 c8f5	  4 135792   1675   0.00      1
24. d4d6 e8e4	  4 203696   2175   0.00      1
25. d6b6 a2a4	  4      0  -2175   0.00      0
26. b6e6 e4e6	  4  19472   6175   0.00      1
27. d3d2 a8d8	  4   8059   7075   0.00      1
28. d2c1 e6e2	  4   8984   7175   0.00      1
29. c3c4 e2d2	  4      0   7175   0.00      0
30. c4c5 d8d4	  4      0   7175   0.00      0
31. c5c6 a4c6	  4   1491  32767   0.00      1
Averages:  4.00 ply, 926159 nodes,  0.32 cpu, 2894246 nodes/sec
