  White Black Depth  Nodes  Score    Cpu     Rate
1. c2c4 e7e5	  4   3562      0   0.00      1
2. e2e4 b8c6	  4  67475      0   0.00      1
3. d2d3 f8c5	  4  73666      0   0.00      1
4. g1f3 c6b4	  4      0      0   0.00      0
5. h1g1 d7d6	  4 3645446      0   1.00      3645446
6. b1c3 c8g4	  4 9593182      0   3.00      3197727
7. c3a4 c5f2	  4      0     25   0.00      0
8. e1f2 g8f6	  4 6359209   -250   3.00      2119736
9. d1b3 c7c5	  4 6392619   -275   3.00      2130873
10. a2a3 b4c6	  4 3373922   -350   2.00      1686961
11. b3b7 c6d4	  4 944737   -350   1.00      944737
12. f3d4 c5d4	  4 126456   -350   0.00      1
13. c1d2 g4e6	  4 173267   -350   0.00      1
14. g1e1 h8f8	  4 377040   -350   0.00      1
15. d2c1 a8c8	  4 150172   -350   0.00      1
16. c1d2 d8c7	  4 785555   -350   0.00      1
17. b7c7 c8c7	  4  44466   -350   0.00      1
18. e1e2 e6g4	  4 620726   -350   0.00      1
19. e2e1 g4e6	  4 239250   -350   0.00      1
20. d2g5 f6g4	  4 827258   -350   1.00      827258
21. f2g1 g4f6	  4 460288   -350   0.00      1
22. g5d2 c7c6	  4 194022   -350   0.00      1
23. e1e2 f6g4	  4 416764   -350   1.00      416764
24. a1f1 g4f6	  4 1206549   -350   0.00      1
25. g2g3 e6g4	  4 246213   -350   1.00      246213
26. e2e1 g4e6	  4 207784   -350   0.00      1
27. d2h6 c6b6	  4      0   -350   0.00      0
28. a4b6 g7h6	  4   8204   -500   0.00      1
29. b6d5 f6d5	  4   7701   -500   0.00      1
30. e4d5 e6f5	  4   1904   -500   0.00      1
31. e1d1 f5g4	  4   6540   -500   0.00      1
32. d1f1 g4e2	  4  18908   -500   0.00      1
33. f1f6 e2d3	  4   4011   -500   0.00      1
34. f6d6 d3c4	  4      0    500   0.00      0
35. d6h6 d4d3	  4   4637   -400   0.00      1
36. d5d6 d3d2	  4   5965    100   0.00      1
37. d6d7 e8d7	  4  11104    400   0.00      1
38. h6h7 d2d1	  4  19615    800   0.00      1
39. g1f2 e5e4	  4      0   -800   0.00      0
40. h7h4 d1e2	  4 136359   4400   0.00      1
41. f2g1 e2e1	  4  79894   4400   0.00      1
42. g1g2 e1f1	  4  79943   4400   0.00      1
Averages:  4.00 ply, 997687 nodes,  0.43 cpu, 2307151 nodes/sec
