  White Black Depth  Nodes  Score    Cpu     Rate
1. e2e4 e7e5	  4   5793      0   0.00      1
2. d2d4 e5d4	  4  22350      0   0.00      1
3. d1d4 b8c6	  4 135060      0   0.00      1
4. d4d5 g8f6	  4 246709      0   0.00      1
5. d5d3 d7d5	  4 170274      0   0.00      1
6. e4d5 d8d5	  4  84439      0   0.00      1
7. d3d5 f6d5	  4   4788      0   0.00      1
8. g1f3 c6e5	  4      0      0   0.00      0
9. f3e5 c8f5	  4  92523   -325   0.00      1
10. f1d3 f5d3	  4 255389   -325   0.00      1
11. e5f7 e8f7	  4  58141   -100   0.00      1
12. b1a3 a8e8	  4 327418    250   0.00      1
13. e1d2 d3f5	  4 399183    250   0.00      1
14. a3c4 f8c5	  4 180241    250   0.00      1
15. h1d1 e8e4	  4 216709    350   0.00      1
16. c4e3 d5e3	  4 271574    350   0.00      1
17. f2e3 e4e3	  4  91479    350   0.00      1
18. d1f1 h8d8	  4 108860    500   0.00      1
Averages:  4.00 ply, 157114 nodes,  0.00 cpu, 1 nodes/sec
