  White Black Depth  Nodes  Score    Cpu     Rate
1. e2e4 e7e5	  4   5793      0   0.00      1
2. d2d4 e5d4	  4  22350      0   0.00      1
3. d1d4 b8c6	  4 135060      0   0.00      1
4. d4d5 g8f6	  4 246709      0   0.00      1
5. d5d3 d7d5	  4 170274      0   0.00      1
6. e4d5 d8d5	  4  84439      0   0.00      1
7. d3d5 f6d5	  4   4788      0   0.00      1
8. g1f3 c8f5	  4 162322      0   0.00      1
9. b1d2 f5c2	  4  62457    100   0.00      1
10. f1c4 e8c8	  4  41463    100   0.00      1
11. e1g1 f8c5	  4 581073    100   0.00      1
12. f1e1 h8f8	  4      0   -100   0.00      0
13. d2e4 c6a5	  4 1446167    100   1.00      1446167
14. e4c5 a5c4	  4  25953    100   0.00      1
15. e1e5 c4e5	  4 122399    275   0.00      1
16. f3e5 d8d6	  4  90503    275   0.00      1
17. c1g5 f7f6	  4 194135    375   0.00      1
18. a1c1 f6g5	  4 393233    375   0.00      1
19. c1c2 d5b4	  4 789896    375   0.00      1
20. c2c1 f8d8	  4      0   -375   0.00      0
21. e5c4 d6d1	  4 581207    600   0.00      1
22. c1d1 d8d1	  4  44117   5050   0.00      1
Averages:  4.00 ply, 260217 nodes,  0.05 cpu, 5204338 nodes/sec
