  White Black Depth  Nodes  Score    Cpu     Rate
1. e2e4 e7e5	  4   5793      0   0.00      1
2. d2d4 e5d4	  4  22350      0   0.00      1
3. d1d4 b8c6	  4 135060      0   1.00      135060
4. d4d5 g8f6	  4 246709      0   0.00      1
5. d5d3 d7d5	  4 170274      0   0.00      1
6. e4d5 d8d5	  4  80243      0   0.00      1
7. d3d5 f6d5	  4   4556      0   0.00      1
8. g1f3 c8f5	  4 117213      0   0.00      1
9. c2c4 d5b4	  4 240168     25   0.00      1
10. b1a3 f8e7	  4 344098     25   1.00      344098
11. f3d2 e8g8	  4 473501     25   0.00      1
12. d2f3 b4d3	  4 741759    100   0.00      1
13. e1e2 f8e8	  4 1093166    100   1.00      1093166
14. c1e3 d3b2	  4 914599    100   0.00      1
15. a3b5 e7d8	  4 1179206    175   1.00      1179206
16. b5d6 c7d6	  4 880931    525   0.00      1
17. a1c1 f5d3	  4 908090    575   0.00      1
18. e2d2 d8a5	  4 840891    675   1.00      840891
19. c1c3 d3e4	  4 999963    750   0.00      1
20. e3d4 c6d4	  4 559422   1050   0.00      1
21. f3d4 b2c4	  4 170165   1050   0.00      1
22. d2c1 a5c3	  4  16637   1050   0.00      1
23. d4f3 e4d3	  4 119785   1150   0.00      1
24. c1d1 e8e6	  4 250694   1150   0.00      1
25. d1c1 a8c8	  4 196985   1150   1.00      196985
26. c1d1 c8c5	  4 337948   1150   0.00      1
27. g2g4 g8h8	  4      0  -1150   0.00      0
28. g4g5 c3b4	  4 234887   1375   0.00      1
29. f3e5 e6e5	  4  12238   5375   0.00      1
30. g5g6 d3g6	  4  25872   5725   0.00      1
31. a2a3 b4a3	  4   8288   6075   0.00      1
32. f2f4 g6f5	  4      0  -6075   0.00      0
33. f4e5 c5e5	  4  18620   1275   0.00      1
34. h2h3 c4d2	  4      0  -1275   0.00      0
35. d1d2 f5h3	  4   3897    950   0.00      1
36. d2d3 h3e6	  4   5208    950   0.00      1
37. d3d4 a3c5	  4   9813    950   0.00      1
38. d4d3 e6d5	  4  10045    950   0.00      1
39. d3c3 e5e2	  4   8450    950   0.00      1
40. c3d3 e2e5	  4   9765    950   0.00      1
41. d3c3 e5e2	  4   8450    950   0.00      1
42. c3d3 e2e4	  4  10090    950   0.00      1
43. d3c3 h8g8	  4   9046    950   0.00      1
44. c3d3 c5d4	  4   7158    950   0.00      1
45. d3d2 d5c4	  4  10435    950   0.00      1
46. d2c1 e4e2	  4   9231   5450   0.00      1
47. c1d1 d4e3	  4  13937  32767   0.00      1
Averages:  4.00 ply, 260583 nodes,  0.14 cpu, 1910939 nodes/sec
