  White Black Depth  Nodes  Score    Cpu     Rate
1. e2e4 e7e5	  4   5793      0   0.00      1
2. d2d4 e5d4	  4  22350      0   0.00      1
3. d1d4 b8c6	  4 135060      0   0.00      1
4. f2f4 c6d4	  4  73611    900   0.00      1
5. f1d3 d4f5	  4      0   -900   0.00      0
6. e1f2 d8h4	  4 287734   1075   0.00      1
7. f2f3 f5g3	  4 4972303   1075   2.00      2486152
8. h2g3 h4h1	  4 176499   1075   0.00      1
9. c1e3 h1h5	  4 706239   1075   0.00      1
10. g3g4 h5a5	  4 1488587   1075   1.00      1488587
11. b1c3 g8f6	  4 942694   1075   0.00      1
12. g1e2 d7d5	  4 1383278   1075   1.00      1383278
13. c3d5 f6d5	  4 433879   1075   0.00      1
14. e4d5 a5d5	  4 655966   1075   1.00      655966
15. f3g3 c8d7	  4 3169758   1075   1.00      3169758
16. d3h7 d7c6	  4 2528286   1075   1.00      2528286
17. h7d3 d5g2	  4 2169934   1075   1.00      2169934
18. g3h4 a8d8	  4 700803   1075   1.00      700803
19. a1e1 d8d5	  4 2227066   1075   1.00      2227066
20. d3f5 g2h2	  4 1712182   1425   1.00      1712182
21. h4g5 h2h6	  4 450744   5075   0.00      1
Averages:  4.00 ply, 1212138 nodes,  0.55 cpu, 2203888 nodes/sec
