  White Black Depth  Nodes  Score    Cpu     Rate
1. e2e4 e7e5	  4   5793      0   0.00      1
2. d2d4 e5d4	  4  22350      0   0.00      1
3. d1d4 b8c6	  4 135060      0   0.00      1
4. d4d5 g8f6	  4 246709      0   0.00      1
5. d5d3 d7d5	  4 170274      0   0.00      1
6. h2h4 f6e4	  4 256430    100   0.00      1
7. g1f3 f8c5	  4 1360423    100   0.00      1
8. e1g1 c6b4	  4 15099472    200   7.00      2157068
9. d3b5 c8d7	  4 168701    275   0.00      1
10. b5a5 b7b6	  4 3704592    550   2.00      1852296
11. a5b5 d7b5	  4 198878   1100   0.00      1
12. b1a3 c5f2	  4 1108656   1100   1.00      1108656
13. g1h2 d8d6	  4 2742273   1100   1.00      2742273
14. h2h1 b5a6	  4 26485947   1125   8.00      3310744
15. c1g5 d6c5	  4 6918159   1200   2.00      3459080
16. g5f4 b4c2	  4 728104   1200   0.00      1
17. f4c1 c2a1	  4 267441   1700   0.00      1
18. c1f4 e8g8	  4 833973   1700   1.00      833973
19. f4e5 e4g5	  4      0  -1700   0.00      0
20. h4g5 f2e3	  4 810380   1450   0.00      1
21. g2g3 a6e2	  4 1120939   1450   0.00      1
22. h1g2 c5b4	  4 4673721   1475   2.00      2336861
23. e5c7 b4e4	  4 1744039   1600   1.00      1744039
24. c7d6 e2f3	  4 559294   1700   0.00      1
25. g2f1 f8c8	  4  68724   1700   0.00      1
Averages:  4.00 ply, 2892931 nodes,  1.04 cpu, 2777213 nodes/sec
